8.343331539386922391e-37 5.804750461048060979e-24
8.343331539386841540e-36 5.834291160941842966e-24
4.328520845605325823e-35 5.922865179708065278e-24
8.343331997267188081e-35 6.018920346955988733e-24
1.175617377427580905e-34 6.153565400699890176e-24
1.578249232045991611e-34 6.291158397214546675e-24
2.028816198340266159e-34 6.431765057997659127e-24
2.509815269944135155e-34 6.575452657634899256e-24
3.002943469558206946e-34 6.722290063497918720e-24
3.492475041737576286e-34 6.872347776538291433e-24
3.968027104976752415e-34 7.025697973207327481e-24
4.426347667699632477e-34 7.182414548535662826e-24
4.872147167060552382e-34 7.342573160406994043e-24
5.318310210652622848e-34 7.506251275061236892e-24
5.786017390243969984e-34 7.673528213863953848e-24
6.305405399289733538e-34 7.844485201378279332e-24
6.917480028333454868e-34 8.019205414780216049e-24
7.678189789604631549e-34 8.197774034655830731e-24
8.666030439290194061e-34 8.380278297221786925e-24
9.995543769634782419e-34 8.566807548013419302e-24
1.169357086528977714e-33 8.754579259063801234e-24
1.377324559510046436e-33 8.946318559809007652e-24
1.630774779971511155e-33 9.142128040904789786e-24
1.937940230731105519e-33 9.342113786154221651e-24
2.307786402133763566e-33 9.546385503916100379e-24
2.749665237373208121e-33 9.755056663812691090e-24
3.272752474002556766e-33 9.968244638979360449e-24
3.885221311590783343e-33 1.018607085411141628e-23
4.593119796050455779e-33 1.040866093957380615e-23
5.398950343140147010e-33 1.063614489185848545e-23
6.300000524390346230e-33 1.086865724068055881e-23
7.286545353404128195e-33 1.110633722302419827e-23
8.340128376333091430e-33 1.134932896446696395e-23
9.432219902552555888e-33 1.159778166811884772e-23
1.052362489602978653e-32 1.185184981154199200e-23
1.156504174772679775e-32 1.211169335202363450e-23
1.264916317413919051e-32 1.239241463448188998e-23
1.379438495643274723e-32 1.267971224038149039e-23
1.500073144761555555e-32 1.297374007901285060e-23
1.626805643194344548e-32 1.327465561872469481e-23
1.759606815925759356e-32 1.358261996724736784e-23
1.898435837686528189e-32 1.389779795375944726e-23
2.043243500706360388e-32 1.422035821272920489e-23
2.193975808678113853e-32 1.455047326957121400e-23
2.350577856981941463e-32 1.488831962815023097e-23
2.512997959208044898e-32 1.523407786017442862e-23
2.681191981567416437e-32 1.558793269651198503e-23
2.855127849832231876e-32 1.595007312047178833e-23
3.034790197907164621e-32 1.632069246308865021e-23
3.220185132890511940e-32 1.669998850045115253e-23
3.411345098416556308e-32 1.708816355311224066e-23
3.608333826046498645e-32 1.748542458762873110e-23
3.811251373380975418e-32 1.789198332026728465e-23
4.020239257289387421e-32 1.830805632292188994e-23
4.235485701115545327e-32 1.873386513128638006e-23
4.457231025858769699e-32 1.916963635532724182e-23
4.685773227142201802e-32 1.961560179210147441e-23
4.921473792279107218e-32 2.007199854096648812e-23
5.164763825013860712e-32 2.053906912122437823e-23
5.416150559677356266e-32 2.101706159225867023e-23
5.676224361735582780e-32 2.150622967620165450e-23
5.945666328295950079e-32 2.200683288318540473e-23
6.225256620389317304e-32 2.251913663922889235e-23
6.515883679181725799e-32 2.304341241681088222e-23
6.818554501202732774e-32 2.357993786817853280e-23
7.134406173825193312e-32 2.412899696144793355e-23
7.464718902342930138e-32 2.469088011954669376e-23
7.810930794955007913e-32 2.526588436205844201e-23
8.174654712884150468e-32 2.585431345001925635e-23
8.557697540980635187e-32 2.645647803372415946e-23
8.962082291105125335e-32 2.707269580360361408e-23
9.390073518149412563e-32 2.770329164422515847e-23
9.844206609079382171e-32 2.834859779148162473e-23
1.032732160154376669e-31 2.900895399302424176e-23
1.084260230378536734e-31 2.968470767200272414e-23
1.139362162583583213e-31 3.037621409417577656e-23
1.198439419828509285e-31 3.108383653845252545e-23
1.261943755539089286e-31 3.180794647093074653e-23
1.330384340145656874e-31 3.254892372249886789e-23
1.404336077253495881e-31 3.330715667006097611e-23
1.483472727249712568e-31 3.408414424850533268e-23
1.567003589178796835e-31 3.487943286348087368e-23
1.655167289514284898e-31 3.569345134170166128e-23
1.748215012903263570e-31 3.652663836242830106e-23
1.846411134939230429e-31 3.737944267560538091e-23
1.950033884925099469e-31 3.825232332452740773e-23
2.059376039924234651e-31 3.914574987313402911e-23
2.174745651445690387e-31 4.006020263801403843e-23
2.296466806160689830e-31 4.099617292520576132e-23
2.424880422094566229e-31 4.195416327188195036e-23
2.560345081796892890e-31 4.293468769301604858e-23
2.703237904038088114e-31 4.393827193310781011e-23
2.853955455644149464e-31 4.496545372308040828e-23
3.012914705128677548e-31 4.601678304241797981e-23
3.180554019846992394e-31 4.709282238666835445e-23
3.357334208447509083e-31 4.819414704037870795e-23
3.543739610463490861e-31 4.932134535558681872e-23
3.740279234941477254e-31 5.047501903595429781e-23
3.947487950071625953e-31 5.165578342663644281e-23
4.165927725842730533e-31 5.286426781001161380e-23
4.396188931814664819e-31 5.410111570736368287e-23
4.638891692159340744e-31 5.536698518660309813e-23
4.894687300195892267e-31 5.666254917617511519e-23
5.164259694704193531e-31 5.798849578522038310e-23
5.448327000378463193e-31 5.934552863012662857e-23
5.747643134840152214e-31 6.073436716756434338e-23
6.062999484711082549e-31 6.215574703413627326e-23
6.395226653306035125e-31 6.361042039272804746e-23
6.745196282586572776e-31 6.509915628570695620e-23
7.113822952074040835e-31 6.662274099505951853e-23
7.502066157507057309e-31 6.818197840959479389e-23
7.910932372086644876e-31 6.977769039934042606e-23
8.341477193230442269e-31 7.141071719723155983e-23
8.794807577826549877e-31 7.308191778824189475e-23
9.272084169047416517e-31 7.479217030605698092e-23
9.774523717854947772e-31 7.654237243742506815e-23
1.030340160239860232e-30 7.833344183431135670e-23
1.086005444857106643e-30 8.016631653398125141e-23
1.144588285506517982e-30 8.204195538714302835e-23
1.206235422632301713e-30 8.396133849427696155e-23
1.271100571685504426e-30 8.592546765029039398e-23
1.339344729044654923e-30 8.793536679761559674e-23
1.411136489784891347e-30 8.999208248791433944e-23
1.486652377659502682e-30 9.209668435248214132e-23
1.566077187664428947e-30 9.425026558153405232e-23
1.649604341560775854e-30 9.645394341247466687e-23
1.737436256735510424e-30 9.870885962731738642e-23
1.829784728785084552e-30 1.010161810593728193e-22
1.926871328210494417e-30 1.033771001093669493e-22
2.028927811615777595e-30 1.057928352711143687e-22
2.136196547805834840e-30 1.082646316669116626e-22
2.248930959180842709e-30 1.107937615927701744e-22
2.367395978827692451e-30 1.133815250736662402e-22
2.491868523708641803e-30 1.160292504289261713e-22
2.622637984350639469e-30 1.187382948479177354e-22
2.760006731434725961e-30 1.215100449761804874e-22
2.904290639688897690e-30 1.243459175121657341e-22
3.055819629481395537e-30 1.272473598147166403e-22
3.214938226512419956e-30 1.302158505214605646e-22
3.382006139995933760e-30 1.332529001782494214e-22
3.557398859721126895e-30 1.363600518798173378e-22
3.741508272374899917e-30 1.395388819218066812e-22
3.934743297502254493e-30 1.427910004643170826e-22
4.137530543471407785e-30 1.461180522071301030e-22
4.350314983802416372e-30 1.495217170767806276e-22
4.573560654206567576e-30 1.530037109256112953e-22
4.807751370673362010e-30 1.565657862430097520e-22
5.052761806258800996e-30 1.601987005042918001e-22
5.309956117523457877e-30 1.639149713601169863e-22
5.579921125207365580e-30 1.677165125714568136e-22
5.863270757923160876e-30 1.716052824186507945e-22
6.160647236644815825e-30 1.755832847625197232e-22
6.472722307098385366e-30 1.796525701316273501e-22
6.800198521781402650e-30 1.838152368362973420e-22
7.143810573382647542e-30 1.880734321101439103e-22
7.504326681429173002e-30 1.924293532797488750e-22
7.882550034036005234e-30 1.968852489632412669e-22
8.279320286689814479e-30 2.014434202985232742e-22
8.695515120051975660e-30 2.061062222018848794e-22
9.132051858814140409e-30 2.108760646577983445e-22
9.589889153704882638e-30 2.157554140407065481e-22
1.007002872879084937e-29 2.207467944695973411e-22
1.057351719628050872e-29 2.258527891962361851e-22
1.110144794108741227e-29 2.310760420279086954e-22
1.165496307747500751e-29 2.364192587855674516e-22
1.223525548015917653e-29 2.418852087983249989e-22
1.284357089229374366e-29 2.474767264351628136e-22
1.348121011284355436e-29 2.531967126749008219e-22
1.414953126588252951e-29 2.590481367153914729e-22
1.484995215443320089e-29 2.650340376228826169e-22
1.558395270151104971e-29 2.711575260227265160e-22
1.635307748109662479e-29 2.774217858324220739e-22
1.715893834182531082e-29 2.838300760380752198e-22
1.800321712622738155e-29 2.903857325154714649e-22
1.888766848842402598e-29 2.970921698968917877e-22
1.981412281323033046e-29 3.039528834848632342e-22
2.078448923967866430e-29 3.109714512140420628e-22
2.180075879203206651e-29 3.181515356626025505e-22
2.286500762140476591e-29 3.254968861142267414e-22
2.397940036117118301e-29 3.330113406722320239e-22
2.514619359938940448e-29 3.406988284270963381e-22
2.636773947151566021e-29 3.485633716787230992e-22
2.764648937674142664e-29 3.566090882150545710e-22
2.898499782133063585e-29 3.648401936483397105e-22
3.038592639237389709e-29 3.732610038107152948e-22
3.185204786543110281e-29 3.818759372105524891e-22
3.338625044956629897e-29 3.906895175512350000e-22
3.499154217331570437e-29 3.997063763140107000e-22
3.667105541518214491e-29 4.089312554066009697e-22
3.842805158225723393e-29 4.183690098793033985e-22
4.026592594062382251e-29 4.280246107103883740e-22
4.218821260119989211e-29 4.379031476626055552e-22
4.419858966472708431e-29 4.480098322127238574e-22
4.630088452960333466e-29 4.583500005560322887e-22
4.849907936628649857e-29 4.689291166877443535e-22
5.079731676200108110e-29 4.797527755634340453e-22
5.319990553948500833e-29 4.908267063405826420e-22
5.571132675351374286e-29 5.021567757033505009e-22
5.833623986891865931e-29 5.137489912728717108e-22
6.107948912383088381e-29 5.256095051053221547e-22
6.394611008182662364e-29 5.377446172800868630e-22
6.694133637666066875e-29 5.501607795805077980e-22
7.007060665321289927e-29 5.628645992696290727e-22
7.333957170823661397e-29 5.758628429634655069e-22
7.675410183447972631e-29 5.891624406046195624e-22
8.032029437163028219e-29 6.027704895385946374e-22
8.404448146753884109e-29 6.166942586959377406e-22
8.793323805305582636e-29 6.309411928827744053e-22
9.199339003374658343e-29 6.455189171828658564e-22
9.623202270163785187e-29 6.604352414740707413e-22
1.006564893701010075e-28 6.756981650624067957e-22
1.052744202347539623e-28 6.913158814367597009e-22
1.100937314632807509e-28 7.072967831477147403e-22
1.151226345167628764e-28 7.236494668135826819e-22
1.203696457051285161e-28 7.403827382575116180e-22
1.258435959790188387e-28 7.575056177787075699e-22
1.315536409603081728e-28 7.750273455618778060e-22
1.375092712132297687e-28 7.929573872284845763e-22
1.437203227579110817e-28 8.113054395335129153e-22
1.501969878278838403e-28 8.300814362120965786e-22
1.569498258728915679e-28 8.492955539797637868e-22
1.640050543266697308e-28 8.690036843115854738e-22
1.713569325414208092e-28 8.891704931784851298e-22
1.790172881945094535e-28 9.098066659826042910e-22
1.869984091626481000e-28 9.309231368142698901e-22
1.953130617564404975e-28 9.525310942230121137e-22
2.039745097199956988e-28 9.746419871220206161e-22
2.129965340298338182e-28 9.972675308287397193e-22
2.223934535293488217e-28 1.020419713245103313e-21
2.321801464363964005e-28 1.044110801180213902e-21
2.423720727637334700e-28 1.068353346819158552e-21
2.529852976936610953e-28 1.093160194340888797e-21
2.640365159504713388e-28 1.118544486688852749e-21
2.755430772161801401e-28 1.144519672497885016e-21
2.875230126373853938e-28 1.171099513180620044e-21
2.999950624733073854e-28 1.198298090177652750e-21
3.129787049376127873e-28 1.226129812374469098e-21
3.264941862890547264e-28 1.254609423689599540e-21
3.405625522288517396e-28 1.283752010837646344e-21
3.552056806652221652e-28 1.313573011271059592e-21
3.704463159089209828e-28 1.344088221304828763e-21
3.863081043664507314e-28 1.375313804428721135e-21
4.028156318008733164e-28 1.407266299810551194e-21
4.199944622339004234e-28 1.439962630995276491e-21
4.378711785664181203e-28 1.473420114804714269e-21
4.564734249983013791e-28 1.507656470441661895e-21
4.758299513327859339e-28 1.542689828803967536e-21
4.959706592545617628e-28 1.578538742012572031e-21
5.169266506754410188e-28 1.615222193158899886e-21
5.387302782461974322e-28 1.652759606276689765e-21
5.614151981377822522e-28 1.691170856542571277e-21
5.850164252011596275e-28 1.730476280711782029e-21
6.095703906194273107e-28 1.770696687793571534e-21
6.351150021726637766e-28 1.811853369971784660e-21
6.616897072415967312e-28 1.853968113776806213e-21
6.893355586826135172e-28 1.897063211513680144e-21
7.180952837137021140e-28 1.941161472953298014e-21
7.480133559578154148e-28 1.986286237291652441e-21
7.791360707979548823e-28 2.032461385384091912e-21
8.115116242059633236e-28 2.079711352260045914e-21
8.451901952156511305e-28 2.128061139925395968e-21
8.802240322196625440e-28 2.177536330458316273e-21
9.166675432790162579e-28 2.228163099405940074e-21
9.545773906436445867e-28 2.279968229488028310e-21
9.940125896931922749e-28 2.332979124615141855e-21
1.035034612518199253e-27 2.387223824228165709e-21
1.077707496373108395e-27 2.442731017966687988e-21
1.122097957245275228e-27 2.499530060673361518e-21
1.168275508796458021e-27 2.557650987742552881e-21
1.216312586947889865e-27 2.617124530820190042e-21
1.266284680392995720e-27 2.677982133863515503e-21
1.318270467338810728e-27 2.740255969568752646e-21
1.372351958791719759e-27 2.803978956174391971e-21
1.428614648721159744e-27 2.869184774650044764e-21
1.487147671452445830e-27 2.935907886277800520e-21
1.548043966658757214e-27 3.004183550636555504e-21
1.611400452343035897e-27 3.074047843997409980e-21
1.677318206221100654e-27 3.145537678140078255e-21
1.745902655939933566e-27 3.218690819599503308e-21
1.817263778589299758e-27 3.293545909352371139e-21
1.891516309989188267e-27 3.370142482953833041e-21
1.968779964262954572e-27 3.448520991134569157e-21
2.049179664233330157e-27 3.528722820867789838e-21
2.132845783209271869e-27 3.610790316918418775e-21
2.219914398761998090e-27 3.694766803883612073e-21
2.310527559122647961e-27 3.780696608736973089e-21
2.404833562869170075e-27 3.868625083887196316e-21
2.502987252607502979e-27 3.958598630763186040e-21
2.605150323391130965e-27 4.050664723937054879e-21
2.711491646665689857e-27 4.144871935797609519e-21
2.822187610570192119e-27 4.241269961786563851e-21
2.937422477471745680e-27 4.339909646210003297e-21
3.057388759662582051e-27 4.440843008638488564e-21
3.182287614199893364e-27 4.544123270908537039e-21
3.312329257925387173e-27 4.649804884739744998e-21
3.447733403761279317e-27 4.757943559980759040e-21
3.588729719441620650e-27 4.868596293498495336e-21
3.735558309905663912e-27 4.981821398725343058e-21
3.888470224651008889e-27 5.097678535878728767e-21
4.047727991418027674e-27 5.216228742868963772e-21
4.213606177659278552e-27 5.337534466909272758e-21
4.386391981330850185e-27 5.461659596846063786e-21
4.566385852632587977e-27 5.588669496223699836e-21
4.753902148420998676e-27 5.718631037101340713e-21
4.949269821118036833e-27 5.851612634637830029e-21
5.152833144050672431e-27 5.987684282463817326e-21
5.364952475264792542e-27 6.126917588855801320e-21
5.586005061984732356e-27 6.269385813733438981e-21
5.816385888014718307e-27 6.415163906495542943e-21
6.056508566519105448e-27 6.564328544716299276e-21
6.306806280761329321e-27 6.716958173718698207e-21
6.567732775539798309e-27 6.873133047045934941e-21
6.839763402222413180e-27 7.032935267852423974e-21
7.123396220457323622e-27 7.196448831230820627e-21
7.419153159825883306e-27 7.363759667501340997e-21
7.727581244899386100e-27 7.534955686480137427e-21
8.049253887379014195e-27 7.710126822752714499e-21
8.385151614945629518e-27 7.889668571779012152e-21
8.735150048349688123e-27 8.073393433152061582e-21
9.099831852437590217e-27 8.261398823143461503e-21
9.479802849982362515e-27 8.453784423342814428e-21
9.875692878437498428e-27 8.650652233206090240e-21
1.028815667445835681e-26 8.852106623817339178e-21
1.071787478686435524e-26 9.058254392894469806e-21
1.116555451870630294e-26 9.269204821065073947e-21
1.163193089911478268e-26 9.485069729443512220e-21
1.211776768559758727e-26 9.705963538537432893e-21
1.262385839745541155e-26 9.932003328515741152e-21
1.315102738098831851e-26 1.016330890086981017e-20
1.370013090714453934e-26 1.040000284149671907e-20
1.427205830228371849e-26 1.064221058524165073e-20
1.486773311269108402e-26 1.089006048192927705e-20
1.548811430349399108e-26 1.114368386392075323e-20
1.613419749260871374e-26 1.140321511523003505e-20
1.680701622033350315e-26 1.166879174223612868e-20
1.750764325519915764e-26 1.194055444602728164e-20
1.823719193665909226e-26 1.221864719641534925e-20
1.899681755519280190e-26 1.250321730765796448e-20
1.978771877036816079e-26 1.279441551592755626e-20
2.061113906739036841e-26 1.309239605856878640e-20
2.146836825263995947e-26 1.339731675518491425e-20
2.236074398865917323e-26 1.370933909059191771e-20
2.328965336904411166e-26 1.402862829968982031e-20
2.425653453362868567e-26 1.435535345428733858e-20
2.526287832434241923e-26 1.468968755193268637e-20
2.631022998206213535e-26 1.503180760678942487e-20
2.740019088473859781e-26 1.538189474260855502e-20
2.853442032704008945e-26 1.574013428784478374e-20
2.971463734168379559e-26 1.610671587296296077e-20
3.094262256260112301e-26 1.648183352998917183e-20
3.222022012998361534e-26 1.686568579435435643e-20
3.354933963723750932e-26 1.725847580908533332e-20
3.493195811976743678e-26 1.766041143139628709e-20
3.637012208546084028e-26 1.807170534173443106e-20
3.786594958666764365e-26 1.849257515533883728e-20
3.942163233337104673e-26 1.892324353636774689e-20
4.103943784718353754e-26 1.936393831465303547e-20
4.268078455521007922e-26 1.980392923897784563e-20
4.438648549717202144e-26 2.025391870543070357e-20
4.615902816129409343e-26 2.071413382635450404e-20
4.800099547233377726e-26 2.118480686784240714e-20
4.991506945378430349e-26 2.166617536651678710e-20
5.190403503168675368e-26 2.215848224894299158e-20
5.397078398564596259e-26 2.266197595374531919e-20
5.611831905280603302e-26 2.317691055648361290e-20
5.834975819081654116e-26 2.370354589735401607e-20
6.066833900602097034e-26 2.424214771177379955e-20
6.307742335339041397e-26 2.479298776392171485e-20
6.558050211496470531e-26 2.535634398329308971e-20
6.818120016383023495e-26 2.593250060434579747e-20
7.088328152095962271e-26 2.652174830929699970e-20
7.369065471253859762e-26 2.712438437415323935e-20
7.660737833567964917e-26 2.774071281803328720e-20
7.963766684079859577e-26 2.837104455587178992e-20
8.278589653920005223e-26 2.901569755457142808e-20
8.605661184481404801e-26 2.967499699268004646e-20
8.945453175935503729e-26 3.034927542367874067e-20
9.298455661057588603e-26 3.103887294295988097e-20
9.665177505366160740e-26 3.174413735857122594e-20
1.004614713462240679e-25 3.246542436582525114e-20
1.044191329077879310e-25 3.320309772584326105e-20
1.085304581750911197e-25 3.395752944814155839e-20
1.128013647649934627e-25 3.472909997733270595e-20
1.172379979572695184e-25 3.551819838404858928e-20
1.218467395100408162e-25 3.632522256017220599e-20
1.266342168211676103e-25 3.715057941847928092e-20
1.316073124493986364e-25 3.799468509678567865e-20
1.367731740097314592e-25 3.885796516670622059e-20
1.421392244579329903e-25 3.974085484712256322e-20
1.477131727798595766e-25 4.064379922247600033e-20
1.535030251018003427e-25 4.156725346598045654e-20
1.595170962387861490e-25 4.251168306788012930e-20
1.657640216984749769e-25 4.347756406885520181e-20
1.722527701589115518e-25 4.446538329869337943e-20
1.789926564393397359e-25 4.547563862035462578e-20
1.859933549838705722e-25 4.650883917953516913e-20
1.932649138787392177e-25 4.756550565986694224e-20
2.008177694247415233e-25 4.864617054387253150e-20
2.088597220347062401e-25 4.977894665825718983e-20
2.172197244741446508e-25 5.093807522911065999e-20
2.259101631262413870e-25 5.212417035748086191e-20
2.349438978037260282e-25 5.333786051766517200e-20
2.443342794373572399e-25 5.457978889595403184e-20
2.540951684072696200e-25 5.585061373742927733e-20
2.642409535397302913e-25 5.715100870101793043e-20
2.747865717926583155e-25 5.848166322299825942e-20
2.857475286540166892e-25 5.984328288914942494e-20
2.971399192780002904e-25 6.123658981577330731e-20
3.089804503848088400e-25 6.266232303978373252e-20
3.212864629506095729e-25 6.412123891809619446e-20
3.340759557152640079e-25 6.561411153652849327e-20
3.473676095361215983e-25 6.714173312845679866e-20
3.611808126173846198e-25 6.870491450344281837e-20
3.755356866453533619e-25 7.030448548609740454e-20
3.904531138608850672e-25 7.194129536540458385e-20
4.059547651014603961e-25 7.361621335476898501e-20
4.220631288463246598e-25 7.533012906305032343e-20
4.388015412992953594e-25 7.708395297683867226e-20
4.561942175449214234e-25 7.887861695425404091e-20
4.742662838147200296e-25 8.071507473053376420e-20
4.930438109018786632e-25 8.259430243571754822e-20
5.125538487633963850e-25 8.451729912468494946e-20
5.328244623504731570e-25 8.648508731989259239e-20
5.538847687089713155e-25 8.849871356706802055e-20
5.757649753934001446e-25 9.055924900421426350e-20
5.984964202387601687e-25 9.266778994422603382e-20
6.221116125367734122e-25 9.482545847144864602e-20
6.466442756638686520e-25 9.703340305253200580e-20
6.721293912100413468e-25 9.929279916189966333e-20
6.986032446596349120e-25 1.016048499222216551e-19
7.261034726759753025e-25 1.039707867602247658e-19
7.546691120441838258e-25 1.063918700782285017e-19
7.843406503277753097e-25 1.088693899417807069e-19
8.151600782967981656e-25 1.114046667837920076e-19
8.471709441865682216e-25 1.139990521255687144e-19
8.804184098483768769e-25 1.166539293151388188e-19
9.149493088555619258e-25 1.193707142833192703e-19
9.508122066298267786e-25 1.221508563179284755e-19
9.871417827104416451e-25 1.249262047380188791e-19
1.024841276607733104e-24 1.277646891938619901e-19
1.063961425450063396e-24 1.306677444499556250e-19
1.104554801682759137e-24 1.336368377670265039e-19
1.146675877455740733e-24 1.366734696338509123e-19
1.190381091181514213e-24 1.397791745154285554e-19
1.235728916333188047e-24 1.429555216178699200e-19
1.282779932553552804e-24 1.462041156703338233e-19
1.331596899148834229e-24 1.495265977244422452e-19
1.382244831043374414e-24 1.529246459715225559e-19
1.434791077272215371e-24 1.563999765780797777e-19
1.489305402092820860e-24 1.599543445399149783e-19
1.545860068797573993e-24 1.635895445552718033e-19
1.604529926312673811e-24 1.673074119174514172e-19
1.665392498670607695e-24 1.711098234273419675e-19
1.728528077446135229e-24 1.749986983262425375e-19
1.794019817248194610e-24 1.789759992494927504e-19
1.861953834363403647e-24 1.830437332013443220e-19
1.932419308648448245e-24 1.872039525515008899e-19
2.005508588772792158e-24 1.914587560538923192e-19
2.081317300914414245e-24 1.958102898880597616e-19
2.159944461016052745e-24 2.002607487237714517e-19
2.241492590710818696e-24 2.048123768092592622e-19
2.326067837029722943e-24 2.094674690836820140e-19
2.413780096007491738e-24 2.142283723143216271e-19
2.504743140305421971e-24 2.190974862590370235e-19
2.599074750972478669e-24 2.240772648545422473e-19
2.696896853472734260e-24 2.291702174311081514e-19
2.798335658105186117e-24 2.343789099541811451e-19
2.903521804951879185e-24 2.397059662936345591e-19
3.012590513487854808e-24 2.451540695211371677e-19
3.125681736994688152e-24 2.507259632363088739e-19
3.242940321920867691e-24 2.564244529223263679e-19
3.364516172337152922e-24 2.622524073315698251e-19
3.490564419637293861e-24 2.682127599019688804e-19
3.621245597642261878e-24 2.743085102047768895e-19
3.756725823265344266e-24 2.805427254243879943e-19
3.897176982903966636e-24 2.869185418709464679e-19
4.042776924726648870e-24 2.934391665264782664e-19
4.193709657026615426e-24 3.001078786251770228e-19
4.350165552821991428e-24 3.069280312687601651e-19
4.516456623525006955e-24 3.140780977387867999e-19
4.689015019522828323e-24 3.213947621832478345e-19
4.868071673455329163e-24 3.288819030132055427e-19
5.053865752101367750e-24 3.365434887550941129e-19
5.246644936583034320e-24 3.443835801382734898e-19
5.446665711480097087e-24 3.524063322306842778e-19
5.654193663113641410e-24 3.606159966238301897e-19
5.869503787257330875e-24 3.690169236680743060e-19
6.092880806546784037e-24 3.776135647596089994e-19
6.324619497857863248e-24 3.864104746799573785e-19
6.565025029937510592e-24 3.954123139896647199e-19
6.814413311570409662e-24 4.046238514769472730e-19
7.073111350577685242e-24 4.140499666628938800e-19
7.341457623945960797e-24 4.236956523644187235e-19
7.619802459391963706e-24 4.335660173161953417e-19
7.908508428679795001e-24 4.436662888530661917e-19
8.207950753006037184e-24 4.540018156542396570e-19
8.518517720783490083e-24 4.645780705506512494e-19
8.840611118155251926e-24 4.754006533970708683e-19
9.174646672581069013e-24 4.864752940102619942e-19
9.521054509843823906e-24 4.978078551748783901e-19
9.880279624830165204e-24 5.094043357185065991e-19
1.025278236644935301e-23 5.212708736574978269e-19
1.063903893705853635e-23 5.334137494152599526e-19
1.103954190677185646e-23 5.458393891145529172e-19
1.145480074303784053e-23 5.585543679456054691e-19
1.188534235587468430e-23 5.715654136116763464e-19
1.233171165916551906e-23 5.848794098538996385e-19
1.279447214841659758e-23 5.985034000572092956e-19
1.327420649539387141e-23 6.124445909392092989e-19
1.377151716005880583e-23 6.267103563238745943e-19
1.428702702023066423e-23 6.413082410019256134e-19
1.482138001941351277e-23 6.562459646801429139e-19
1.537524183322719818e-23 6.715314260212713054e-19
1.594930055489773941e-23 6.871727067768816794e-19
1.654426740025977368e-23 7.031780760152013129e-19
1.716087743274074892e-23 7.195559944460272179e-19
1.779989030879580275e-23 7.363151188450794912e-19
1.846209104427269746e-23 7.534643065798930620e-19
1.914829080219750350e-23 7.710126202397776404e-19
1.984187425612562248e-23 7.885289891785157656e-19
2.056009559144931465e-23 8.064428632566327886e-19
2.130380734871278753e-23 8.247632753264541512e-19
2.207389056155806835e-23 8.434994642825458771e-19
2.287125566592167738e-23 8.626608797906180170e-19
2.369684343645955023e-23 8.822571871259022842e-19
2.455162595094627478e-23 9.022982721235069173e-19
2.543660758340232269e-23 9.227942462434338999e-19
2.635282602673642187e-23 9.437554517529223884e-19
2.730135334568924914e-23 9.651924670287330867e-19
2.828329706090571224e-23 9.871161119824235656e-19
2.929980126495836121e-23 1.009537453611226571e-18
3.035204777118345228e-23 1.032467811677768037e-18
3.144125729619725524e-23 1.055918764521385436e-18
3.256869067697989396e-23 1.079902155004169542e-18
3.373565012345169897e-23 1.104430096595187060e-18
3.494348050745305666e-23 1.129514979595515489e-18
3.619357068910195194e-23 1.155169477508127569e-18
3.748735488148585694e-23 1.181406553555490323e-18
3.882631405468419716e-23 1.208239467348445691e-18
4.021197738014138334e-23 1.235681781710148947e-18
4.164592371642467363e-23 1.263747369658434693e-18
4.312978313742522816e-23 1.292450421550531810e-18
4.466523850407558845e-23 1.321805452393750428e-18
4.625402708070011295e-23 1.351827309326296306e-18
4.789794219711287863e-23 1.382531179271893843e-18
4.959883495761240576e-23 1.413932596772609796e-18
5.135861599805323176e-23 1.446047452003877678e-18
5.317925729217269079e-23 1.478891998976055983e-18
5.506279400841487946e-23 1.512482863927039045e-18
5.701132641846756364e-23 1.546837053910049341e-18
5.902702185879660066e-23 1.581971965581745381e-18
6.111211674646566053e-23 1.617905394194923455e-18
6.326891865055188688e-23 1.654655542800738397e-18
6.549980842049806094e-23 1.692241031665691550e-18
6.780724237277062543e-23 1.730680907907831343e-18
7.019375453720110654e-23 1.769994655357978370e-18
7.266195896445047981e-23 1.810202204650952152e-18
7.521455209600267668e-23 1.851323943552086252e-18
7.785431519818702150e-23 1.893380727525194145e-18
8.058411686169281907e-23 1.936393890546724023e-18
8.341271448223799787e-23 1.980393156393833256e-18
8.634818228614267271e-23 2.025392975713251848e-18
8.939398490777006322e-23 2.071416081553113974e-18
9.255365167419075204e-23 2.118485722162115891e-18
9.583077366457549125e-23 2.166625672616333434e-18
9.922900035489950979e-23 2.215860246706722622e-18
1.027520358236071804e-22 2.266214309093276418e-18
1.064036344934581545e-22 2.317713287731683638e-18
1.101875963845905676e-22 2.370383186578623695e-18
1.141077618536237788e-22 2.424250598581865175e-18
1.181680057936366480e-22 2.479342718961559230e-18
1.223722312699548391e-22 2.535687358789144629e-18
1.267243625668870900e-22 2.593312958870154912e-18
1.312283376210039411e-22 2.652248603938521608e-18
1.358880998171391995e-22 2.712524037168568454e-18
1.407075891238949040e-22 2.774169675011634208e-18
1.456907325466846220e-22 2.837216622365323582e-18
1.508414338772361353e-22 2.901696688082331991e-18
1.561635627200005319e-22 2.967642400825595641e-18
1.616609427776398256e-22 3.035087025279328820e-18
1.673373393795035732e-22 3.104064578721849440e-18
1.731964462392850381e-22 3.174609847969347161e-18
1.792418714305463197e-22 3.246758406698810498e-18
1.854771225714145403e-22 3.320546633158040811e-18
1.919055912129729570e-22 3.396011728271510377e-18
1.985305364291681481e-22 3.473191734151000867e-18
2.053550676097799425e-22 3.552125553019910387e-18
2.123821264621113478e-22 3.632852966560259383e-18
2.196144682313239502e-22 3.715414655691958048e-18
2.270546421542537139e-22 3.799852220793750704e-18
2.347049711664454469e-22 3.886208202375583912e-18
2.425675308877475209e-22 3.974526102212656199e-18
2.506441279174610358e-22 4.064850404950889982e-18
2.589362774761776239e-22 4.157226600195000707e-18
2.674451804379432065e-22 4.251701205088780524e-18
2.761716998030451779e-22 4.348321787399450991e-18
2.851163366688196326e-22 4.447136989116893106e-18
2.942792057631654777e-22 4.548196550578655460e-18
3.036600106130570645e-22 4.651551335133460859e-18
3.132580184280372902e-22 4.757253354353452776e-18
3.230720347867948017e-22 4.865355793809200826e-18
3.332360855322918244e-22 4.978639906687546682e-18
3.434334957767266144e-22 5.094557082466415890e-18
3.537185835644945973e-22 5.213169883670481907e-18
3.641533720320458366e-22 5.334542424686442172e-18
3.748078323226837173e-22 5.458740412437280336e-18
3.857602498403444281e-22 5.585831188185645751e-18
3.970977415116939680e-22 5.715883770500557046e-18
4.089169541895164339e-22 5.848968899419853978e-18
4.213249777772706046e-22 5.985159081845552591e-18
4.344405113462460380e-22 6.124528638206157987e-18
4.482437894745188802e-22 6.267200576073449916e-18
4.626329751572974390e-22 6.413200266022923782e-18
4.776275910496914207e-22 6.562605182796807153e-18
4.932475375005220068e-22 6.715494595916942457e-18
5.095130607994487515e-22 6.871949610921127246e-18
5.264447172144962311e-22 7.032053211535380910e-18
5.440633325323761929e-22 7.195890302804739801e-18
5.623899568110235642e-22 7.363547755200883242e-18
5.814458140519945762e-22 7.535114449731674531e-18
6.012522465011659404e-22 7.710681324072788327e-18
6.218306532880658107e-22 7.890341419744450869e-18
6.432024231201652946e-22 8.074189930358652107e-18
6.653888607548569736e-22 8.262324250956985772e-18
6.884111069840194684e-22 8.454844028467186654e-18
7.122900518788340801e-22 8.651851213300621136e-18
7.370462410610855787e-22 8.853450112117888132e-18
7.626997747880975570e-22 9.059747441786980501e-18
7.892701996646474800e-22 9.270852384561506133e-18
8.167763928251329597e-22 9.486876644506150511e-18
8.452364384647731205e-22 9.707934505196399233e-18
8.746674966381896722e-22 9.934142888721218396e-18
9.050856642896782698e-22 1.016562141601764034e-17
9.365058285303312169e-22 1.040249246856693409e-17
9.689415122338515201e-22 1.064488125148205064e-17
1.002404712085540773e-21 1.089291585801713182e-17
1.036905729288086679e-21 1.114672733553195434e-17
1.072452993201921972e-21 1.140644975294098709e-17
1.109052878279218037e-21 1.167222026968268657e-17
1.146709514737361705e-21 1.194417920624088688e-17
1.185424593510335050e-21 1.222247011625208685e-17
1.225297846271111692e-21 1.250715879414361673e-17
1.266480141238653632e-21 1.279848320303853967e-17
1.309013679304992283e-21 1.309659752401673214e-17
1.352942007757287788e-21 1.340165949519245886e-17
1.398310063175793620e-21 1.371383049285349481e-17
1.445164215709427951e-21 1.403327561442070238e-17
1.493552314774098315e-21 1.436016376326846982e-17
1.543523736220069958e-21 1.469466773544746769e-17
1.595129431016498859e-21 1.503696430835207998e-17
1.648421975502805240e-21 1.538723433137325947e-17
1.703455623258001832e-21 1.574566281858140409e-17
1.760286358640906293e-21 1.611243904348333360e-17
1.818971952056587585e-21 1.648775663590075347e-17
1.879572017005070744e-21 1.687181368101319909e-17
1.942148068970682605e-21 1.726481282061326955e-17
2.006763586213440688e-21 1.766696135662795668e-17
2.073484072524111215e-21 1.807847135694610742e-17
2.142377122007746452e-21 1.849955976361105437e-17
2.213512485962938145e-21 1.893044850342391905e-17
2.286962141925359174e-21 1.937136460101412387e-17
2.362800364947297840e-21 1.982254029442952889e-17
2.441103801186496511e-21 2.028421315329642471e-17
2.521951543881618445e-21 2.075662619961643164e-17
2.605425211791883676e-21 2.124002803124445050e-17
2.691609030183687824e-21 2.173467294811554714e-17
2.780589914447367128e-21 2.224082108127467823e-17
2.872457556432435031e-21 2.275873852477401589e-17
2.967304513590614744e-21 2.328869747049795379e-17
3.065226301020098303e-21 2.383097634597778528e-17
3.166321486507572771e-21 2.438585995526360876e-17
3.267349983109802872e-21 2.493559204838667189e-17
3.371522380239339654e-21 2.549767826552910878e-17
3.478935655089416909e-21 2.607239827729363795e-17
3.589689808539783644e-21 2.666003819695350458e-17
3.703887962230096987e-21 2.726089073276699513e-17
3.821636458882049714e-21 2.787525534399844580e-17
3.943044965984225617e-21 2.850343840075437644e-17
4.068226582958672474e-21 2.914575334772693573e-17
4.197297951930890693e-21 2.980252087194218363e-17
4.330379372230036048e-21 3.047406907461358749e-17
4.467594918752109065e-21 3.116073364720807239e-17
4.609072564320851356e-21 3.186285805182951333e-17
4.754944306190100021e-21 3.258079370603145961e-17
4.905346296832992018e-21 3.331490017216834233e-17
5.060418979169647130e-21 3.406554535139963624e-17
5.220307226394332747e-21 3.483310568247732894e-17
5.385160486562233483e-21 3.561796634541749299e-17
5.555132932108100075e-21 3.642052147020336696e-17
5.730383614472586355e-21 3.724117435062919028e-17
5.911076624019501735e-21 3.808033766343164952e-17
6.097381255432747389e-21 3.893843369283254680e-17
6.289472178790652430e-21 3.981589456063734781e-17
6.487529616523155629e-21 4.071316246203231315e-17
6.691739526460926990e-21 4.163068990722141273e-17
6.902293791200168067e-21 4.256893996906067862e-17
7.119390414008081028e-21 4.352838653683637906e-17
7.343233721508732814e-21 4.450951457634842840e-17
7.574034573394363426e-21 4.551282039646460719e-17
7.812010579416610088e-21 4.653881192230785153e-17
8.057386323924867066e-21 4.758800897524582213e-17
8.310393598225415163e-21 4.866094355986982418e-17
8.579865913809214541e-21 4.979430759589514451e-17
8.857919200928044416e-21 5.095415350675458451e-17
9.144824802824111342e-21 5.214109662241113352e-17
9.440862692967885482e-21 5.335576636503372859e-17
9.746321754615546863e-21 5.459880656385882045e-17
1.006150006968275212e-20 5.587087577681960803e-17
1.038670521725170271e-20 5.717264761909251077e-17
1.072225458204906840e-20 5.850481109868376840e-17
1.106847567323674804e-20 5.986807095922338221e-17
1.142570645387167131e-20 6.126314803008716106e-17
1.179429568140734209e-20 6.269077958401300772e-17
1.217460325961623059e-20 6.415171970234592159e-17
1.256700060233560139e-20 6.564673964809189843e-17
1.297187100943986103e-20 6.717662824689689944e-17
1.338961005547379593e-20 6.874219227614981800e-17
1.382062599138326099e-20 7.034425686235092145e-17
1.426534015980203613e-20 7.198366588691020845e-17
1.472418742436813300e-20 7.366128240055072271e-17
1.519761661356139997e-20 7.537798904648789495e-17
1.568609097957483374e-20 7.713468849255237353e-17
1.619008867273840890e-20 7.893230387243898972e-17
1.671010323205184881e-20 8.077177923625858698e-17
1.724664409238809577e-20 8.265408001058408714e-17
1.780023710895682072e-20 8.458019346817213272e-17
1.837142509963399682e-20 8.655112920753606126e-17
1.896076840579426400e-20 8.856791964260122463e-17
1.956884547229469883e-20 9.063162050259759037e-17
2.019625344729482627e-20 9.274331134242312821e-17
2.084360880260949108e-20 9.490409606365098846e-17
2.151154797533017091e-20 9.711510344642060670e-17
2.220266606619944909e-20 9.937786440946098395e-17
2.291930785922316018e-20 1.016931744849507325e-16
2.366209888532246494e-20 1.040622660870695019e-16
2.443165659484375586e-20 1.064864011882709073e-16
2.522858760435526423e-20 1.089668720514337900e-16
2.605348474052484148e-20 1.115050019808517959e-16
2.690692387590345655e-20 1.141021460925689553e-16
2.778946055226449193e-20 1.167596921045679201e-16
2.870162638809686360e-20 1.194790611473673397e-16
2.964392526794616940e-20 1.222617085955654911e-16
3.061682931249945928e-20 1.251091249208720353e-16
3.162077462972220359e-20 1.280228365672573388e-16
3.265615684883902565e-20 1.310044068487588665e-16
3.372332644067619550e-20 1.340554368706048726e-16
3.482258382969049731e-20 1.371775664742428946e-16
3.595417430505257895e-20 1.403724752069574112e-16
3.711828274028923586e-20 1.436418833167286092e-16
3.831502813335022954e-20 1.469875527729906855e-16
3.954445798143658210e-20 1.504112883140484229e-16
4.080654250757520125e-20 1.539149385218210893e-16
4.210116875872672571e-20 1.575003969246932800e-16
4.342813459811233649e-20 1.611696031292116410e-16
4.478714261752439006e-20 1.649245439814584417e-16
4.617779399849912168e-20 1.687672547588389649e-16
4.759958235451270966e-20 1.726998203931930590e-16
4.905188758962265073e-20 1.767243767260372663e-16
5.053396981234957888e-20 1.808431117968262290e-16
5.204496334693349440e-20 1.850582671651571763e-16
5.358387088741112559e-20 1.893721392678249314e-16
5.514955784326238830e-20 1.937870808117070295e-16
5.672288626129895061e-20 1.983026907738696850e-16
5.829365609072121299e-20 2.029250399973451445e-16
5.987141432305006529e-20 2.076562572397219651e-16
6.146693428592085861e-20 2.124984933342160952e-16
6.309224242575446620e-20 2.174539203631858145e-16
6.476066679508891076e-20 2.225247307675344956e-16
6.648691170926768786e-20 2.277131363898412087e-16
6.828716338956885838e-20 2.330213674490859195e-16
7.017923193357884620e-20 2.384516714447575343e-16
7.218273569105960412e-20 2.440063119881725181e-16
7.419716400448942113e-20 2.494230769607653583e-16
7.629991150868568064e-20 2.549587464940704425e-16
7.849270750164764922e-20 2.606160251482212532e-16
8.077722306536391257e-20 2.663976838502425006e-16
8.315505381234251115e-20 2.723065616723922281e-16
8.562770145602204983e-20 2.783455676620447367e-16
8.819655417508327508e-20 2.845176827246990512e-16
9.086286575131862944e-20 2.908259615617922654e-16
9.362773347170989869e-20 2.972735346649184141e-16
9.649207479787331960e-20 3.038636103684104299e-16
9.945660281987128460e-20 3.105994769619149727e-16
1.025218005271101226e-19 3.174845048649358814e-16
1.056878939460856890e-19 3.245221488652827062e-16
1.089548242137188248e-19 3.317159504234540592e-16
1.123222186754230885e-19 3.390695400449508124e-16
1.157893611192463190e-19 3.465866397227713919e-16
1.193551612811576628e-19 3.542710654522426580e-16
1.230181237816808891e-19 3.621267298205095183e-16
1.267763166807094706e-19 3.701576446730200773e-16
1.306273398649824250e-19 3.783679238595137159e-16
1.345682935114543404e-19 3.867617860620088959e-16
1.388137023320726748e-19 3.957691082888801660e-16
1.431918774841913185e-19 4.049870247195808953e-16
1.477070141214565708e-19 4.144204059205366438e-16
1.523634438859818405e-19 4.240742321811648883e-16
1.571656395440309778e-19 4.339535958746538423e-16
1.621182197870886973e-19 4.440637038656528121e-16
1.672259542045626072e-19 4.544098799659303242e-16
1.724937684345344285e-19 4.649975674387142904e-16
1.779267494992844520e-19 4.758323315525769260e-16
1.835301513325475928e-19 4.869198621857157022e-16
1.893094005057370272e-19 4.982659764815207593e-16
1.952701021607036416e-19 5.098766215562498364e-16
2.014180461567993642e-19 5.217578772597174150e-16
2.077592134404554846e-19 5.339159589899426389e-16
2.142997826456991850e-19 5.463572205625537459e-16
2.210461369344226868e-19 5.590881571359598374e-16
2.280048710855797328e-19 5.721154081931948108e-16
2.351827988428026993e-19 5.854457605813040592e-16
2.425869605303952541e-19 5.990861516093320006e-16
2.502246309479411614e-19 6.130436722057567831e-16
2.582578860677111920e-19 6.273211427434160454e-16
2.668014032711777664e-19 6.419299586574665840e-16
2.757763638711254096e-19 6.568782407623551373e-16
2.850912036627972683e-19 6.721743291270669774e-16
2.946401112301332864e-19 6.878267896103882675e-16
3.043018751665786305e-19 7.038444206075518831e-16
3.139391837535164098e-19 7.202362600156067527e-16
3.233984910786769873e-19 7.370115924251211535e-16
3.325105680171239858e-19 7.541799565461793730e-16
3.410918530075029953e-19 7.717511528767352741e-16
3.483285247531348450e-19 7.880933339739862507e-16
3.550924439814044335e-19 8.047847715347128801e-16
3.614917377803956989e-19 8.218323143732540163e-16
3.676459036571062157e-19 8.392429172922641036e-16
3.736847338276848442e-19 8.570236415938153677e-16
3.797476601716637557e-19 8.751816555438695525e-16
3.859835897166709747e-19 8.937242347876428669e-16
3.925512963812099553e-19 9.126587627134582170e-16
3.996204360582681172e-19 9.319927307628057028e-16
4.073732600197485233e-19 9.517337386839166316e-16
4.160071172120960230e-19 9.718894947264088324e-16
4.257048579935790683e-19 9.924681206613400371e-16
4.364676317175252601e-19 1.013480938440917870e-15
4.482279904867583530e-19 1.034937168667061065e-15
4.609112463430524895e-19 1.056846230970633483e-15
4.744330576066929093e-19 1.079217748414420763e-15
4.886971313076779733e-19 1.102061551996361735e-15
5.035930785615315657e-19 1.125387685255776270e-15
5.189944762494775515e-19 1.149206408984618718e-15
5.347572041431508176e-19 1.173528206046441038e-15
5.507181410691107913e-19 1.198363786305629801e-15
5.666943160072987150e-19 1.223724091669484228e-15
5.844726682477847974e-19 1.252231833142530858e-15
6.028084321117343164e-19 1.281400917591973203e-15
6.217189412995416475e-19 1.311246956316295982e-15
6.412220598444476932e-19 1.341785943121453772e-15
6.613361979274482441e-19 1.373034264173357755e-15
6.820803281462739309e-19 1.405008708118207772e-15
7.034740022507037805e-19 1.437726476478239979e-15
7.255373683571217857e-19 1.471205194331238410e-15
7.482911886549989315e-19 1.505462921281367948e-15
7.717568576187160311e-19 1.540518162730251508e-15
7.959564207384093706e-19 1.576389881456606009e-15
8.209125937834716661e-19 1.613097509513473169e-15
8.466487826135251837e-19 1.650660960452352870e-15
8.731891035508706545e-19 1.689100641883436036e-15
9.005584043300042157e-19 1.728437468381921644e-15
9.287822856389867786e-19 1.768692874750270724e-15
9.578871232689719031e-19 1.809888829647047582e-15
9.879000908874899959e-19 1.852047849592602037e-15
1.018849183452302008e-18 1.895193013363015592e-15
1.050763241282650636e-18 1.939347976783501126e-15
1.082093327115384972e-18 1.982377072894498900e-15
1.114352464765714194e-18 2.026365083550595811e-15
1.147568375807134124e-18 2.071333060616986964e-15
1.181769623870288534e-18 2.117302501936895559e-15
1.216985640933864621e-18 2.164295360191117067e-15
1.253246754464618096e-18 2.212334051914607482e-15
1.290584215435106755e-18 2.261441466672075150e-15
1.329030227248536666e-18 2.311640976394705342e-15
1.368617975601129486e-18 2.362956444880758045e-15
1.409381659313771029e-18 2.415412237461526000e-15
1.451356522165326363e-18 2.469033230835531513e-15
1.494578885761770118e-18 2.523844823072759881e-15
1.539086183475607470e-18 2.579872943791313349e-15
1.584916995492402488e-18 2.637144064509009177e-15
1.632111085001353923e-18 2.695685209171659271e-15
1.680709435569007899e-18 2.755523964860688675e-15
1.730754289736386214e-18 2.816688492682508785e-15
1.782289188880643638e-18 2.879207538841114173e-15
1.835359014384845731e-18 2.943110445897423678e-15
1.890010030160185502e-18 3.008427164216552628e-15
1.946289926566763409e-18 3.075188263605828075e-15
2.004481298210392119e-18 3.143417483418536787e-15
2.064858811369923884e-18 3.213154337729979545e-15
2.127437847933348548e-18 3.284432779709654910e-15
2.192228688651152143e-18 3.357287558472806915e-15
2.259235879393855380e-18 3.431754238754567926e-15
2.328457571298840125e-18 3.507869221098580798e-15
2.399884836849373623e-18 3.585669762574229631e-15
2.473500964491202699e-18 3.665193998037859934e-15
2.549280734994226370e-18 3.746480961951139291e-15
2.627189683414598475e-18 3.829570610775120046e-15
2.707183351188870247e-18 3.914503845952737395e-15
2.789206533610185060e-18 4.001322537498098097e-15
2.873192528674401007e-18 4.090069548209208338e-15
2.959062394044861384e-18 4.180788758520764384e-15
3.046724219656366518e-18 4.273525092015892964e-15
3.136072424250757240e-18 4.368324541614346969e-15
3.226987084898402808e-18 4.465234196456878790e-15
3.319333309297787233e-18 4.564302269504823352e-15
3.412960661344105750e-18 4.665578125875295524e-15
3.507702651101224018e-18 4.769112311932480726e-15
3.603376300882401281e-18 4.874956585156502570e-15
3.703570853621287303e-18 4.988591487953827932e-15
3.802949734009260957e-18 5.104914792110917119e-15
3.902248620211744762e-18 5.223978217106053181e-15
4.002296368982458769e-18 5.345833857896873585e-15
4.104016025569277426e-18 5.470534153421488748e-15
4.208427795738804529e-18 5.598131853075747937e-15
4.316654379115164600e-18 5.728679981106011228e-15
4.429929091488461180e-18 5.862231798858647915e-15
4.549607250388443862e-18 5.998840764827655320e-15
4.677181367546715524e-18 6.138560492441978896e-15
4.813435183933464129e-18 6.281417632735250402e-15
4.957933525369944896e-18 6.427481333356234582e-15
5.110399727867908633e-18 6.576855273161115734e-15
5.270497231279531064e-18 6.729647764270736367e-15
5.437819656304698865e-18 6.885971962434101116e-15
5.611880952881949227e-18 7.045946087972899584e-15
5.792105766332493043e-18 7.209693657940613866e-15
5.977820204375563574e-18 7.377343730169511422e-15
6.168243225166947707e-18 7.549031159922004641e-15
6.362478902811333538e-18 7.724896869907374643e-15
6.543137643084398009e-18 7.888627720257215369e-15
6.728962042183987391e-18 8.056010682634978048e-15
6.920088673773970376e-18 8.227090493439985798e-15
7.116657041871617732e-18 8.401910517735039128e-15
7.318809608242888799e-18 8.580512612111277936e-15
7.526691818095771377e-18 8.762936982431614940e-15
7.740452123940201792e-18 8.949222036448524862e-15
7.960242007486656427e-18 9.139404231316494657e-15
8.186215999444170746e-18 9.333517916024401986e-15
8.418531697077569646e-18 9.531595168799247789e-15
8.657349779377641691e-18 9.733665629544127790e-15
8.902822257518152997e-18 9.939773951199882160e-15
9.155154903179558193e-18 1.015004903551779992e-14
9.414554805605383971e-18 1.036461341491779082e-14
9.681236237965107384e-18 1.058359466407641074e-14
9.955420938536373228e-18 1.080712560831673664e-14
1.023733840387113948e-17 1.103534454152014752e-14
1.052722619450055731e-17 1.126839545408535037e-14
1.082533025375403956e-17 1.150642827148586745e-14
1.113190524030894643e-17 1.174959910401313582e-14
1.144721487510544668e-17 1.199807050832439597e-14
1.177153230330263434e-17 1.225201176144869153e-14
1.210772582859623503e-17 1.251161502910893395e-14
1.245775277394015472e-17 1.277690670313458790e-14
1.282062734080679142e-17 1.304797580309399474e-14
1.319520592915013630e-17 1.332491098115486518e-14
1.358017239941090375e-17 1.360780041113895411e-14
1.397402441674273348e-17 1.389673167250119177e-14
1.437506125289952982e-17 1.419179162914125382e-14
1.478137346648464087e-17 1.449306630296867619e-14
1.519083492242271364e-17 1.480064074214247887e-14
1.560109764437559397e-17 1.511459888391543864e-14
1.600959001683405154e-17 1.543502341202332081e-14
1.645206808867038693e-17 1.579477906208228910e-14
1.688781105640708266e-17 1.616273361291013548e-14
1.732051463389815880e-17 1.653911298722255813e-14
1.775435017896321116e-17 1.692415111328325575e-14
1.819396363373559748e-17 1.731809024053977542e-14
1.864448562446363847e-17 1.772118126867583970e-14
1.911155503264787569e-17 1.813368409073018396e-14
1.960135848380834390e-17 1.855586795095126162e-14
2.012068845245511113e-17 1.898801181809939224e-14
2.067702308147492379e-17 1.943040477494376948e-14
2.127404736791094538e-17 1.988322283556568344e-14
2.190945322569556578e-17 2.034677134720998401e-14
2.258174772973485358e-17 2.082126095970480831e-14
2.328913960368046212e-17 2.130690418694459657e-14
2.402948727017051734e-17 2.180391530127896556e-14
2.480024764211990099e-17 2.231251022053030476e-14
2.559842649560596257e-17 2.283290638740880448e-14
2.642053148080061523e-17 2.336532264108787263e-14
2.726252904276564193e-17 2.390997908070955813e-14
2.811980673192420433e-17 2.446709692059009723e-14
2.892373101602725457e-17 2.498566784658140025e-14
2.976120756076267085e-17 2.551502789985987973e-14
3.062964266065014976e-17 2.605544012618061672e-14
3.152603497357086386e-17 2.660717560530618156e-14
3.244693747708024928e-17 2.717051372697546936e-14
3.338842258821461651e-17 2.774574247710639020e-14
3.434605149325679921e-17 2.833315873465264020e-14
3.531484885727618063e-17 2.893306857955523003e-14
3.628928419040924724e-17 2.954578761224952568e-14
3.726326123214432944e-17 3.017164128520677888e-14
3.823011676884344222e-17 3.081096524701472775e-14
3.917921830244490686e-17 3.146330599986930508e-14
4.011098759372143426e-17 3.212958342494600042e-14
4.103239753434722975e-17 3.281008105369303406e-14
4.195124813961517634e-17 3.350508752011670876e-14
4.287615555936530765e-17 3.421489662779257519e-14
4.381655731829299013e-17 3.493980741686609596e-14
4.478273696512329476e-17 3.568012423099092021e-14
4.578587140961965449e-17 3.643615678417228670e-14
4.683810445730149115e-17 3.720822022747401703e-14
4.795265044513459089e-17 3.799663521553397970e-14
4.914393247218565467e-17 3.880172797285582703e-14
5.041878600732335251e-17 3.962382417011650870e-14
5.177227892021159065e-17 4.046340207270539529e-14
5.320156121754746080e-17 4.132082027578650925e-14
5.470329000217805673e-17 4.219644413668226466e-14
5.627354432340480209e-17 4.309064588138236804e-14
5.790774101789259373e-17 4.400380471201227056e-14
5.960055260305040013e-17 4.493630691528256569e-14
6.134582856653222811e-17 4.588854597187593223e-14
6.313652167885125104e-17 4.686092266676464924e-14
6.496462123417872224e-17 4.785384520044122690e-14
6.682109538870058034e-17 4.886772930103610836e-14
6.890644245452471446e-17 5.000720726446201896e-14
7.105749674203386765e-17 5.117323518003245623e-14
7.327615921888566517e-17 5.236642247783117741e-14
7.556437433570722332e-17 5.358739215586831068e-14
7.792413034614891161e-17 5.483678106705142433e-14
8.035745958629627229e-17 5.611524021173867019e-14
8.286643871046037235e-17 5.742343503596572414e-14
8.545318888022839345e-17 5.876204573544065650e-14
8.811987590358073162e-17 6.013176756539558982e-14
9.086871032076580379e-17 6.153331115640470743e-14
9.370187214148201577e-17 6.296708614438611051e-14
9.662216561431740317e-17 6.443374131380105353e-14
9.963251810471347450e-17 6.593421207481000383e-14
1.027359714747697848e-16 6.746946832359135840e-14
1.059356871500720770e-16 6.904051584285033462e-14
1.092349514306150640e-16 7.064839776389564006e-14
1.126371810585955299e-16 7.229419609337055092e-14
1.161459290565710125e-16 7.397903330784335802e-14
1.197648908502655469e-16 7.570407401967163546e-14
1.234979106910597956e-16 7.747052671771892038e-14
1.270288782862007137e-16 7.911466254443136612e-14
1.307161323583411542e-16 8.079526483542337696e-14
1.345461730636018326e-16 8.251278933617392322e-14
1.385034219770297238e-16 8.426767909584114584e-14
1.425700204165147505e-16 8.606036316883719127e-14
1.467256473943784171e-16 8.789125526752074382e-14
1.509473634137772012e-16 8.976075236596896117e-14
1.552094870636731499e-16 9.166923325484816223e-14
1.594835119854447805e-16 9.361705704764403306e-14
1.637380722396819668e-16 9.560456163857892397e-14
1.679389643427827358e-16 9.763206211275065613e-14
1.720794422252799830e-16 9.969967876319272360e-14
1.761858624369596252e-16 1.018084558105822512e-13
1.802722590266894681e-16 1.039597688599847909e-13
1.843545038207465799e-16 1.061550582385790332e-13
1.884503025299330117e-16 1.083958318167576998e-13
1.925792058095667642e-16 1.106836679722099297e-13
1.967626388759835119e-16 1.130202187059981663e-13
2.010239533618409558e-16 1.154072129201919148e-13
2.053885052306078007e-16 1.178464598672499102e-13
2.098837627847198033e-16 1.203398527819686051e-13
2.145394491106715269e-16 1.228893727074971416e-13
2.192339327400310184e-16 1.254369232384832020e-13
2.240343292927747335e-16 1.280416827012476556e-13
2.289239275925456739e-16 1.307021038586616100e-13
2.338844037063608182e-16 1.334164313921032939e-13
2.388957535809152795e-16 1.361826901706680643e-13
2.440768582297658438e-16 1.391256019207408659e-13
2.491977592984522861e-16 1.421279794049081792e-13
2.543847468910831849e-16 1.451927486435485061e-13
2.597750625739366336e-16 1.483230109266600055e-13
2.655176265042379450e-16 1.515220513264395638e-13
2.717745690021239313e-16 1.547933477942674416e-13
2.792593137048569921e-16 1.584024189155045016e-13
2.875013075102389698e-16 1.620974900623168268e-13
2.964294668901981095e-16 1.658803156201003296e-13
3.059626381187399590e-16 1.697526703415296878e-13
3.160072015820618694e-16 1.737163487883112694e-13
3.264549109977455665e-16 1.777731647239253032e-13
3.371810507733197997e-16 1.819249504556143037e-13
3.480430168262862421e-16 1.861735561238415386e-13
3.588794448561569600e-16 1.905208489373954406e-13
3.695100234684956355e-16 1.949687123523455497e-13
3.799697198171464702e-16 1.995190667315922501e-13
3.904492308073902172e-16 2.041759947204779952e-13
4.009849935880692873e-16 2.089418294367969370e-13
4.116184007032980569e-16 2.138189470437112353e-13
4.223959075478858960e-16 2.188097672113444208e-13
4.333691875888656028e-16 2.239167535692339177e-13
4.445953461927090913e-16 2.291424141489171511e-13
4.561372045525856682e-16 2.344893018158835305e-13
4.680636660896793916e-16 2.399600146900575833e-13
4.804501788667822926e-16 2.455571965539688144e-13
4.929467810860904229e-16 2.508786673483152660e-13
5.067838970206757994e-16 2.563222876492701741e-13
5.217082924081331667e-16 2.618884777875694686e-13
5.374349418446114370e-16 2.675775127085906104e-13
5.536411344279905995e-16 2.733895116611026251e-13
5.699623352637087754e-16 2.793244276372850382e-13
5.859902448264870242e-16 2.853820365819635699e-13
6.012735533208317196e-16 2.915619263916237645e-13
6.153218963485610324e-16 2.978634857263879960e-13
6.276134680388456636e-16 3.042858926610044667e-13
6.376066258960119187e-16 3.108281032037667036e-13
6.447556190584786817e-16 3.174888397152690750e-13
6.485218042678549450e-16 3.233750331320942772e-13
6.517715476534320220e-16 3.293789699824146644e-13
6.565797296994292641e-16 3.368601821662049608e-13
6.617314482699029430e-16 3.445668216665587635e-13
6.671518474015584090e-16 3.524892752641055127e-13
6.727637913404564298e-16 3.606166206782079892e-13
6.784875882557333297e-16 3.689365301193166102e-13
6.842408061499564670e-16 3.774351769478496389e-13
6.899381864483841767e-16 3.860971465687069539e-13
6.952659562387431457e-16 3.944411409724477001e-13
7.005966221344969799e-16 4.029565820127200259e-13
7.059464563940968929e-16 4.116482295650485480e-13
7.113322378971696295e-16 4.205210274440427935e-13
7.167712587229997364e-16 4.295801108208620675e-13
7.222813348398797060e-16 4.388308139640825461e-13
7.278808211233158970e-16 4.482786783205269161e-13
7.335886309301568435e-16 4.579294609537988411e-13
7.394242604672985352e-16 4.677891433589594323e-13
7.454078182087411506e-16 4.778639406730791646e-13
7.515600596334335127e-16 4.881603113022707364e-13
7.576857781324681094e-16 4.983732803896840001e-13
7.639430827046351356e-16 5.088004285349604431e-13
7.703397986531007115e-16 5.194460240906952569e-13
7.768839977458855620e-16 5.303144106976466634e-13
7.835840101429005479e-16 5.414100082633716624e-13
7.904484371577041231e-16 5.527373139415225533e-13
7.974861648982658036e-16 5.643009031111686001e-13
8.047063788347617985e-16 5.761054303556550318e-13
8.121185793452793007e-16 5.881556304404519987e-13
8.202983918982308997e-16 6.013796412608536993e-13
8.287047339667940358e-16 6.148988122299205381e-13
8.373460286817910566e-16 6.287203582171952121e-13
8.462310092806081212e-16 6.428516986181626811e-13
8.553687341020385118e-16 6.573004638910988789e-13
8.647686023732425792e-16 6.720745023209538453e-13
8.744403708338697568e-16 6.871818870193098013e-13
8.843941712450357950e-16 7.026309231689871806e-13
8.946405288337176487e-16 7.184301555227506093e-13
9.055385966619813993e-16 7.351061903106125064e-13
9.167884161986888804e-16 7.521743148045759567e-13
9.283986555959292967e-16 7.696420432497076033e-13
9.403783091028149013e-16 7.875169456945161441e-13
9.527367071435610661e-16 8.058066435942839139e-13
9.654835268140771775e-16 8.245188051311514061e-13
9.786288028114141894e-16 8.436611402426199229e-13
9.921829388107895675e-16 8.632413953501992339e-13
1.006156719305739258e-15 8.832673477798692651e-13
1.020644004734285441e-15 9.038277590439974134e-13
1.035627785404798483e-15 9.248545421983828867e-13
1.051122189469439774e-15 9.463617902226888569e-13
1.067141913171761083e-15 9.683641700517190534e-13
1.083702241050660991e-15 9.908769474051416592e-13
1.100819067041426654e-15 1.013916012787910659e-12
1.118508916508929100e-15 1.037497908725357345e-12
1.136788969250081477e-15 1.061639858300830575e-12
1.155677083504274570e-15 1.086359795067788290e-12
1.175061289700071506e-15 1.111600519296010821e-12
1.194923503531189567e-15 1.137430873675547758e-12
1.215274217633425719e-15 1.163864646211611455e-12
1.236124152658406326e-15 1.190915946298640018e-12
1.257484259873512757e-15 1.218599212155402764e-12
1.279365723705832369e-15 1.246929218429876430e-12
1.301779964223156829e-15 1.275921083977981982e-12
1.324738639545134474e-15 1.305590279819864149e-12
1.348253648176684590e-15 1.335952637277813638e-12
1.372337131256125756e-15 1.367024356299786999e-12
1.397001474709876830e-15 1.398822013972867622e-12
1.422259311305174398e-15 1.431362573230718572e-12
1.448123522592067471e-15 1.464663391759469910e-12
1.474607240725713791e-15 1.498742231106521533e-12
1.501723850159393065e-15 1.533617265996681187e-12
1.529486989198444035e-15 1.569307093860339596e-12
1.557910551404967195e-15 1.605830744578501617e-12
1.587008686843024377e-15 1.643207690449244519e-12
1.616795803152908350e-15 1.681457856380917448e-12
1.647286566443866135e-15 1.720601630316744674e-12
1.678495901993289109e-15 1.760659873896321970e-12
1.710438994740206435e-15 1.801653933359033842e-12
1.743131289561405713e-15 1.843605650695085332e-12
1.776588491316411061e-15 1.886537375049057966e-12
1.810826564649010648e-15 1.930471974382359708e-12
1.845861733531379294e-15 1.975432847399869042e-12
1.881710480537054803e-15 2.021443935746514193e-12
1.918389545828167953e-15 2.068529736480255661e-12
1.955915925842588627e-15 2.116715314827201983e-12
1.994306871665721640e-15 2.166026317225170802e-12
2.033579887071377775e-15 2.216488984662238770e-12
2.073752726216348698e-15 2.268130166316798797e-12
2.114843390971584014e-15 2.320977333505472272e-12
2.156870127874541945e-15 2.375058593946124175e-12
2.199851424684911383e-15 2.430402706342632890e-12
2.243806006526798866e-15 2.487039095298773271e-12
2.288752831599597958e-15 2.544997866568031983e-12
2.334711086440019660e-15 2.604309822647380134e-12
2.381700180716494350e-15 2.665006478722108138e-12
2.429739741537822767e-15 2.727120078969462286e-12
2.478849607256961924e-15 2.790683613229416230e-12
2.529049820751317021e-15 2.855730834050104788e-12
2.580360622159767320e-15 2.922296274116535612e-12
2.632802441057083533e-15 2.990415264070750740e-12
2.686395888046116157e-15 3.060123950732125472e-12
2.741161745748030881e-15 3.131459315727007744e-12
2.797120959169894494e-15 3.204459194535507349e-12
2.854294625430415957e-15 3.279162295966008223e-12
2.912703982822832895e-15 3.355608222065610565e-12
2.972370399195442090e-15 3.433837488476854664e-12
3.033315359628927917e-15 3.513891545249989014e-12
3.095560453390611412e-15 3.595812798120729865e-12
3.159127360145454712e-15 3.679644630264000213e-12
3.224037835403971942e-15 3.765431424533960926e-12
3.290313695186932562e-15 3.853218586200439891e-12
3.357976799887432676e-15 3.943052566193396686e-12
3.427049037311239903e-15 4.034980884865745946e-12
3.497552304875999531e-15 4.129052156286134922e-12
3.569508490950994078e-15 4.225316113073350660e-12
3.642939455319468242e-15 4.323823631783795971e-12
3.717867008745245289e-15 4.424626758864056581e-12
3.794312891627432859e-15 4.527778737181276564e-12
3.872298751726308948e-15 4.633334033143272345e-12
3.951846120944596662e-15 4.741348364421368150e-12
4.032976391149719972e-15 4.851878728289188581e-12
4.115710789022634305e-15 4.964983430590702191e-12
4.200070349920329354e-15 5.080722115350513456e-12
4.286075890739893520e-15 5.199155795041172822e-12
4.373747981773567666e-15 5.320346881521182420e-12
4.463106917544313693e-15 5.444359217658088260e-12
4.554172686614508677e-15 5.571258109651447205e-12
4.646964940360033729e-15 5.701110360071400484e-12
4.741502960704371234e-15 5.833984301626923108e-12
4.837805626809033591e-15 5.969949831680562580e-12
4.935891380717917433e-15 6.109078447525643456e-12
5.035778191954751851e-15 6.251443282441190512e-12
5.137483521075844725e-15 6.397119142542817763e-12
5.241024282180724850e-15 6.546182544445385392e-12
5.346416804386412543e-15 6.698711753755217863e-12
5.453676792273775289e-15 6.854786824410226586e-12
5.562819285314279884e-15 7.014489638884687547e-12
5.673858616291434441e-15 7.177903949278653873e-12
5.786808368730406619e-15 7.345115419309827285e-12
5.901681333354435995e-15 7.516211667227394241e-12
6.018489463587470989e-15 7.691282309667838234e-12
6.137243830126821629e-15 7.870419006472326937e-12
6.257954574611420349e-15 8.053715506486096016e-12
6.380630862415494804e-15 8.241267694361211916e-12
6.505280834599328591e-15 8.433173638383555497e-12
6.631911559052874502e-15 8.629533639345457278e-12
6.760528980871281501e-15 8.830450280487281074e-12
6.891137872004748570e-15 9.036028478529365758e-12
7.023741780228362308e-15 9.246375535817799660e-12
7.158342977481734846e-15 9.461601193608190300e-12
7.294942407631340734e-15 9.681817686510278716e-12
7.433539633713381036e-15 9.907139798118887502e-12
7.574132784717033391e-15 1.013768491785609876e-11
7.716718501974018673e-15 1.037357309904916878e-11
7.861291885222159843e-15 1.061492711827171234e-11
8.007846438417229480e-15 1.086187253597362952e-11
8.156374015368635206e-15 1.111453775842699128e-11
8.306864765281140739e-15 1.137305410101587698e-11
8.459307078287142694e-15 1.163755585289832209e-11
8.613687531059611576e-15 1.190818034306844826e-11
8.769990832597951077e-15 1.218506800784875974e-11
8.928199770286658098e-15 1.246836245984243288e-11
9.086622741398159343e-15 1.275620228032789679e-11
9.245819613711305089e-15 1.305057024936233820e-11
9.405969487961740572e-15 1.335163897395778763e-11
9.567266163557097334e-15 1.365958675002561524e-11
9.729918410603800877e-15 1.397459777361380703e-11
9.894150284789445926e-15 1.429686236061975817e-11
1.006020149130723264e-14 1.462657717535510731e-11
1.022832780424725462e-14 1.496394546835796554e-11
1.039189002674048445e-14 1.529735911833753319e-11
1.055592202543487948e-14 1.563819999387972472e-11
1.072110906744677255e-14 1.598663357578681734e-11
1.088818135706179517e-14 1.634282903394240321e-11
1.105791509143359744e-14 1.670695930963222958e-11
1.123113404554546261e-14 1.707920119970360282e-11
1.140871174368921890e-14 1.745973544260704851e-11
1.159141917943713618e-14 1.785292100832629140e-11
1.177644958422733832e-14 1.825495890716865876e-11
1.196514289848129808e-14 1.866604863450595761e-11
1.215892373515943913e-14 1.908639419112779143e-11
1.235930633404820454e-14 1.951620418532883747e-11
1.256790131091952893e-14 1.995569193731696011e-11
1.275817732136405002e-14 2.035155390315543058e-11
1.295360722564128315e-14 2.075526698919896572e-11
1.315548469655360838e-14 2.116698720395161512e-11
1.336518093613796006e-14 2.158687366836653068e-11
1.358415134498896089e-14 2.201508867831487591e-11
1.381394368751821354e-14 2.245179776831941032e-11
1.407300950964085960e-14 2.293022152969465355e-11
1.434525880158385770e-14 2.341883863623376139e-11
1.463253508539718853e-14 2.391786693334125899e-11
1.493682226931860088e-14 2.442752895098160814e-11
1.526026160448075174e-14 2.494805200534166911e-11
1.557144894025828058e-14 2.542847127358164064e-11
1.590196700193581385e-14 2.591814158646230331e-11
1.625312319601261059e-14 2.641724185926581882e-11
1.662632811232058983e-14 2.692595449740156898e-11
1.702310545385259537e-14 2.744446546534770163e-11
1.750970682884823475e-14 2.804838126053135377e-11
1.803687967324620660e-14 2.866558798274318569e-11
1.860633325481605081e-14 2.929637985032273689e-11
1.921991407123169627e-14 2.994105766895814954e-11
1.983013546041630403e-14 3.054662835650543395e-11
2.049085784853376773e-14 3.116445075244410321e-11
2.120318789171596426e-14 3.179477457508394758e-11
2.196823098832868914e-14 3.243785470539354621e-11
2.273114466502109056e-14 3.304485065754222320e-11
2.355437228694194734e-14 3.366321097234038134e-11
2.443874813637230254e-14 3.429315036763011696e-11
2.538497556924482994e-14 3.493488768870408282e-11
2.665985936017931144e-14 3.574822223971665764e-11
2.805961433047975445e-14 3.658050804563120570e-11
2.958594899250668013e-14 3.743219161373329073e-11
3.114327975127540341e-14 3.824684913410272182e-11
3.284243033629744961e-14 3.907925615914762341e-11
3.468550000466102970e-14 3.992980449094046422e-11
3.656291620498569836e-14 4.074564991662280925e-11
3.859890826905087117e-14 4.157818839440007899e-11
4.079630185212503544e-14 4.242776668097759481e-11
4.303086510418041960e-14 4.324469096032256713e-11
4.544058682025466171e-14 4.407737245096879473e-11
4.802920795369225764e-14 4.492612037559983583e-11
5.065736047911938269e-14 4.574403485426305269e-11
5.347710129718679357e-14 4.657687191931966544e-11
5.649316414780713152e-14 4.742490918783391122e-11
5.955070746683593230e-14 4.824374142298160518e-11
6.281613104689279523e-14 4.907674738448124170e-11
6.629516199821885846e-14 4.992417782515477747e-11
6.981724932259705235e-14 5.074386841315213400e-11
7.356337841657316154e-14 5.157705717172739838e-11
7.754022213244392856e-14 5.242397182661307920e-11
8.156135944339897110e-14 5.324447196315248832e-11
8.582257054300375678e-14 5.407785785850270415e-11
9.033139964016196160e-14 5.492433734988914557e-11
9.725793838476797860e-14 5.616085292740242030e-11
1.047698056866058344e-13 5.742532099776130281e-11
1.125514398008364799e-13 5.866275113497262363e-11
1.209546410039596484e-13 5.992696967601961933e-11
1.296402479338872177e-13 6.116528965238701745e-11
1.389832380335474040e-13 6.242933047668535463e-11
1.486207888677797986e-13 6.366852130588877083e-11
1.589511092614368750e-13 6.493245058175013548e-11
1.695876933526842288e-13 6.617249811291800886e-11
1.809519998835067970e-13 6.743637718370935423e-11
1.926338511595194160e-13 6.867727136573171410e-11
2.050779434066560989e-13 6.994115741987903282e-11
2.178504678061137589e-13 7.118289169474550843e-11
2.314193190685230988e-13 7.244683831813515272e-11
2.453271226756124137e-13 7.368940911724682343e-11
2.600649102538920844e-13 7.495346675214875981e-11
2.751518277928285089e-13 7.619687307549966030e-11
2.911019632632697663e-13 7.746108940454953086e-11
3.074110866850253719e-13 7.870533246710578895e-11
3.246162459378189956e-13 7.996975273674054417e-11
3.421899528834843165e-13 8.121483566970910444e-11
3.606921057527358158e-13 8.247950296432544482e-11
3.795720877368297365e-13 8.372543056153446993e-11
3.994125271053485921e-13 8.499038603725449441e-11
4.196398172816933370e-13 8.623716453886233360e-11
4.408591875585638089e-13 8.750244762398667311e-11
4.624741879781125563e-13 8.875008453124154948e-11
4.851125128929893249e-13 9.001573309905572037e-11
5.081550211720839699e-13 9.126423701502790714e-11
5.322517308312007063e-13 9.253028753352984741e-11
5.567609661796281293e-13 9.377966802567828454e-11
5.823549233594560365e-13 9.504615568793108400e-11
6.083695519273338610e-13 9.629642316911815168e-11
6.354990775830230648e-13 9.756338200727415944e-11
6.630572370936049378e-13 9.881454763241890848e-11
6.917601350692019886e-13 1.000820106178815598e-10
7.208994587289297130e-13 1.013340861939541893e-10
7.512130396742975782e-13 1.026020853257440821e-10
7.819706793384987345e-13 1.038550832331638768e-10
8.139317838236101747e-13 1.051236496161967082e-10
8.463444324253317032e-13 1.063775827400062179e-10
8.799894532708129557e-13 1.076467466546880772e-10
9.494582703249303643e-13 1.101714192885249058e-10
1.022409635582410835e-12 1.126977100494061850e-10
1.098914168167859116e-12 1.152256611566575085e-10
1.179041744519442749e-12 1.177553145210321095e-10
1.262861535748669833e-12 1.202867117490048330e-10
1.350442043592494611e-12 1.228198941474718008e-10
1.441851135004874519e-12 1.253549027287858870e-10
1.537156075407217665e-12 1.278917782160645546e-10
1.636423560637009572e-12 1.304305610487258653e-10
1.739719747625674825e-12 1.329712913881969564e-10
1.847110283838935320e-12 1.355140091237645338e-10
1.958660335509957987e-12 1.380587538785134091e-10
2.074434614698484423e-12 1.406055650153574467e-10
2.194497405209001990e-12 1.431544816430874700e-10
2.318912587396075480e-12 1.457055426224607832e-10
2.447743661882918742e-12 1.482587865722744611e-10
2.581053772235591424e-12 1.508142518754284797e-10
2.718905726600573209e-12 1.533719766849548802e-10
2.861362018353873374e-12 1.559319989299878678e-10
3.008448043583378896e-12 1.584943094253505265e-10
3.157924098101391365e-12 1.610560089209721214e-10
3.310456677714138030e-12 1.636178964155585824e-10
3.466627088211858465e-12 1.661806658888468797e-10
3.626680598385153204e-12 1.687445842141831299e-10
3.790778383134135484e-12 1.713098115387524023e-10
3.959044748138811690e-12 1.738764612470296743e-10
4.131584163075238716e-12 1.764446215640361959e-10
4.308489115827433215e-12 1.790143655061291375e-10
4.489844289503079076e-12 1.815857561672934492e-10
4.675729005942131233e-12 1.841588498082050780e-10
4.866218756861932433e-12 1.867336977897619531e-10
5.061386214646347028e-12 1.893103478481206285e-10
5.261301927497822219e-12 1.918888449707180080e-10
5.466034813548663711e-12 1.944692320184132190e-10
5.675652521708621077e-12 1.970515501795912350e-10
5.890221701193954929e-12 1.996358393093066936e-10
6.109808206693889198e-12 2.022221381875705780e-10
6.334477257051796625e-12 2.048104847194021677e-10
6.564293559659258343e-12 2.074009160920407370e-10
6.799321409079806641e-12 2.099934689001182731e-10
7.039624765970180361e-12 2.125881792464058875e-10
7.285267320720195568e-12 2.151850828237675104e-10
7.536312545063434251e-12 2.177842149823789396e-10
7.792823734103358960e-12 2.203856107853275354e-10
8.054864040617672183e-12 2.229893050549170668e-10
8.322496503058540835e-12 2.255953324114725124e-10
8.595784068367853138e-12 2.282037273060483841e-10
8.874789610478124378e-12 2.308145240481362795e-10
9.159575945187425753e-12 2.334277568292299128e-10
9.450205841971373267e-12 2.360434597429444744e-10
9.746742033171096164e-12 2.386616668022631393e-10
1.004924722092313961e-11 2.412824119543275738e-10
1.035778408213626309e-11 2.439057290931966277e-10
1.067241527175191657e-11 2.465316520708076147e-10
1.099320342449720425e-11 2.491602147064559574e-10
1.132021115530277232e-11 2.517914507949541864e-10
1.165350105852889266e-11 2.544253941136737812e-10
1.199313570611892911e-11 2.570620784286019409e-10
1.233917764478853898e-11 2.597015374995341078e-10
1.269168939233751062e-11 2.623438050845187186e-10
1.305073343316237638e-11 2.649889149436294068e-10
1.341637221303612106e-11 2.676369008421477865e-10
1.378866813321498207e-11 2.702877965532258888e-10
1.416768354392398368e-11 2.729416358600732785e-10
1.455348073726388267e-11 2.755984525577074722e-10
1.494612193958869733e-11 2.782582804543594211e-10
1.534566930337955462e-11 2.809211533724988533e-10
1.575218489866124537e-11 2.835871051495650364e-10
1.616573070397993592e-11 2.862561696384066301e-10
1.658636859697934172e-11 2.889283807074648559e-10
1.701416034459702151e-11 2.916037722407085626e-10
1.744916759290671247e-11 2.942823781373585171e-10
1.789145185663189019e-11 2.969642323114011774e-10
1.834107450834594996e-11 2.996493686909119035e-10
1.879809676738650666e-11 3.023378212172016689e-10
1.926257968850460916e-11 3.050296238438187571e-10
1.973458415025840113e-11 3.077248105353564842e-10
2.021417084318209241e-11 3.104234152661620216e-10
2.070140025774010263e-11 3.131254720188777146e-10
2.119633267208643920e-11 3.158310147828690774e-10
2.169902813965013808e-11 3.185400775525363625e-10
2.220954647655696151e-11 3.212526943255040172e-10
2.272794724891178689e-11 3.239688991007047269e-10
2.325428975995191347e-11 3.266887258763741219e-10
2.378863303709145590e-11 3.294122086479276121e-10
2.433103581887678351e-11 3.321393814057760612e-10
2.488155654185512498e-11 3.348702781330306192e-10
2.544025332739418529e-11 3.376049328031332634e-10
2.600718396844761775e-11 3.403433793774223542e-10
2.658240591629719288e-11 3.430856518026071490e-10
2.716597626727982600e-11 3.458317840081850866e-10
2.775795174951941925e-11 3.485818099037960491e-10
2.835838870967485626e-11 3.513357633765054878e-10
2.896734309972354942e-11 3.540936782880218908e-10
2.958487046379867962e-11 3.568555884719141991e-10
3.021102592508245475e-11 3.596215277306822431e-10
3.084586417279068781e-11 3.623915298328729842e-10
3.148943944924436773e-11 3.651656285100988389e-10
3.214180553705613096e-11 3.679438574540249835e-10
3.280301574644457424e-11 3.707262503133449235e-10
3.347312290267852544e-11 3.735128406906630563e-10
3.415217933368713804e-11 3.763036621394186972e-10
3.484023685783146047e-11 3.790987481607199418e-10
3.553734677186154588e-11 3.818981322001965541e-10
3.624355983906346447e-11 3.847018476447721011e-10
3.695892627762365109e-11 3.875099278195061904e-10
3.768349574921271419e-11 3.903224059843283997e-10
3.841731734779551097e-11 3.931393153308137714e-10
3.916043958870473127e-11 3.959606889789381970e-10
3.985660162922969492e-11 3.988008662575555351e-10
4.048316421582776148e-11 4.016651399995904228e-10
4.109405382084652617e-11 4.045394561815255374e-10
4.169849063029564817e-11 4.074213438983973802e-10
4.230043959353467274e-11 4.103097229041476333e-10
4.290212096734829733e-11 4.132039833917936421e-10
4.350495421249634225e-11 4.161037352671454563e-10
4.410992505877346250e-11 4.190087094345998993e-10
4.471775852580093645e-11 4.219187107049543054e-10
4.532901113540331846e-11 4.248335923990111193e-10
4.594412449325816589e-11 4.277532414169952915e-10
4.656345850019947486e-11 4.306775688762960619e-10
4.718731299862485799e-11 4.336065039387035519e-10
4.781594246184855258e-11 4.365399895733900580e-10
4.844956629814318935e-11 4.394779795507509854e-10
4.908837628184913541e-11 4.424204362497137572e-10
4.973254204033744277e-11 4.453673290203686878e-10
5.038221518843824194e-11 4.483186329362045630e-10
5.103753249916584607e-11 4.512743278263869905e-10
5.169861837332539987e-11 4.542343975135304908e-10
5.236558678958225573e-11 4.571988292049922076e-10
5.303854286320012472e-11 4.601676130008371691e-10
5.371758410571399014e-11 4.631407414916767224e-10
5.440280145301548128e-11 4.661182094267078224e-10
5.509428011196026853e-11 4.691000134372276533e-10
5.579210026325627803e-11 4.720861518044183885e-10
5.649633764935541570e-11 4.750766242628780943e-10
5.720706406956021586e-11 4.780714318332229493e-10
5.792434779958636567e-11 4.810705766785178475e-10
5.864825394920968799e-11 4.840740619804969884e-10
5.937884476873205404e-11 4.870818918321346223e-10
6.011617991293629372e-11 4.900940711440345708e-10
6.086031666946258784e-11 4.931106055624118575e-10
6.161131015727249724e-11 4.961315013969478757e-10
6.236921349979815679e-11 4.991567655569794015e-10
6.313407797660911061e-11 5.021864054949872686e-10
6.390595315670775030e-11 5.052204291561814676e-10
6.468488701609179083e-11 5.082588449335083112e-10
6.547092604177610991e-11 5.113016616272940496e-10
6.626411532408701465e-11 5.143488884089442565e-10
6.706449863882305445e-11 5.174005347882138427e-10
6.787211852056774145e-11 5.204566105835882003e-10
6.868701632828762266e-11 5.235171258953886657e-10
6.950923230419393534e-11 5.265820910813897167e-10
7.033880562666179692e-11 5.296515167344915068e-10
7.117577445794052221e-11 5.327254136624032749e-10
7.202017598726411852e-11 5.358037928689669519e-10
7.287204646989203921e-11 5.388866655370892186e-10
7.373142126254119383e-11 5.419740430129717217e-10
7.459833485562881507e-11 5.450659367916264167e-10
7.547282090265312569e-11 5.481623585034972663e-10
7.635491224706068187e-11 5.512633199020732104e-10
7.724464094683204211e-11 5.543688328524267516e-10
7.814203829706191095e-11 5.574789093205732072e-10
7.903927217037417010e-11 5.605937452431716193e-10
7.991658375097686243e-11 5.637137172271602408e-10
8.078725052630597098e-11 5.668384003503511962e-10
8.165526426316243111e-11 5.699676449819194876e-10
8.252253533678497023e-11 5.731013681240593382e-10
8.339023932294718079e-11 5.762395134184532901e-10
8.425918888802643979e-11 5.793820390693901794e-10
8.512998630262076943e-11 5.825289125076062548e-10
8.600309932301436441e-11 5.856801075506870441e-10
8.687890376435767465e-11 5.888356027078706013e-10
8.775770945721283093e-11 5.919953800847675238e-10
8.863977707483211960e-11 5.951594246334242234e-10
8.952532957088656928e-11 5.983277236155846590e-10
9.041456025258886383e-11 6.015002662047785149e-10
9.130763865707372357e-11 6.046770431828206723e-10
9.220471493982196750e-11 6.078580467028956186e-10
9.310592322372293351e-11 6.110432701007623646e-10
9.401138420290873986e-11 6.142327077419454409e-10
9.492120720009386480e-11 6.174263548960982601e-10
9.583549181523501640e-11 6.206242076324892607e-10
9.675432926328020231e-11 6.238262627320322819e-10
9.767780347176278834e-11 6.270325176125571036e-10
9.860599199033746650e-11 6.302429702647483396e-10
9.953896675129032991e-11 6.334576191967982663e-10
1.004767947106018571e-10 6.366764633862721487e-10
1.014195383923485944e-10 6.398995022379380559e-10
1.023672563541488460e-10 6.431267355466738074e-10
1.033200035875813699e-10 6.463581634645811675e-10
1.042778318646383322e-10 6.495937864717663104e-10
1.052407900390778801e-10 6.528336053502206614e-10
1.062089243098363959e-10 6.560776211603828383e-10
1.071822784523236540e-10 6.593258352200180415e-10
1.081608940224019027e-10 6.625782490851758395e-10
1.091448105369726392e-10 6.658348645328577367e-10
1.101340656344627028e-10 6.690956835453000175e-10
1.111286952179539080e-10 6.723607082956057230e-10
1.121287335832475220e-10 6.756299411346393181e-10
1.131342135338155122e-10 6.789033845789730156e-10
1.141451664842806987e-10 6.821810412998484646e-10
1.151616225538343320e-10 6.854629141129511436e-10
1.161836106507987414e-10 6.887490059690302362e-10
1.172111585493669224e-10 6.920393199451954495e-10
1.182442929594040307e-10 6.953338592368513836e-10
1.192830395900947553e-10 6.986326271502226101e-10
1.203274232081021292e-10 7.019356270953923268e-10
1.213774676908242992e-10 7.052428625798183994e-10
1.224331960752644861e-10 7.085543372023146918e-10
1.234946306029493730e-10 7.118700546473571683e-10
1.245617927613236018e-10 7.151900186798726557e-10
1.256347033219221160e-10 7.185142331402384333e-10
1.267133823756735572e-10 7.218427019396711146e-10
1.277978493655794573e-10 7.251754290558721614e-10
1.288881231170236348e-10 7.285124185289363387e-10
1.299842218659286737e-10 7.318536744575037735e-10
1.310861632849452886e-10 7.351992009951326648e-10
1.321939645078560659e-10 7.385490023468786849e-10
1.333076421523454970e-10 7.419030827660889303e-10
1.344272123412707206e-10 7.452614465513265683e-10
1.355526907225642129e-10 7.486240980435082746e-10
1.366840924878892685e-10 7.519910416231890128e-10
1.378214323901216622e-10 7.553622817079610690e-10
1.389647247597849516e-10 7.587378227500185213e-10
1.401139835204977394e-10 7.621176692338379291e-10
1.412692222035332929e-10 7.655018256740015035e-10
1.424304539615119936e-10 7.688902966130444738e-10
1.435976915813668511e-10 7.722830866195486423e-10
1.447709474965597451e-10 7.756802002861962357e-10
1.459502337986488489e-10 7.790816422279996348e-10
1.471355622482531149e-10 7.824874170805989334e-10
1.483269442854187349e-10 7.858975294986085081e-10
1.495243910394780988e-10 7.893119841540586094e-10
1.507279133384256543e-10 7.927307857349958760e-10
1.519375217177875836e-10 7.961539389439464330e-10
1.531532264291149065e-10 7.995814484966723291e-10
1.543750374480468625e-10 8.030133191208392592e-10
1.556029644820030700e-10 8.064495555547893383e-10
1.568370169775392304e-10 8.098901625463918376e-10
1.580772041273529857e-10 8.133351448518719999e-10
1.593235348770116368e-10 8.167845072348114954e-10
1.605760179313644478e-10 8.202382544650551992e-10
1.618346617607039009e-10 8.236963913177628286e-10
1.630994746066639073e-10 8.271589225724584091e-10
1.643704644878854004e-10 8.306258530121347483e-10
1.656476392054484047e-10 8.340971874223836550e-10
1.669310063481160250e-10 8.375729305905813737e-10
1.682205732973376738e-10 8.410530873050960417e-10
1.695163472321186844e-10 8.445376623545101394e-10
1.708183351336637400e-10 8.480266605269209024e-10
1.721265437898850864e-10 8.515200866092188134e-10
1.734409797997308055e-10 8.550179453864251334e-10
1.747616495773940279e-10 8.585202416410739983e-10
1.760885593563369078e-10 8.620269801525287538e-10
1.774217151932317767e-10 8.655381656965145986e-10
1.787611229717214547e-10 8.690538030443973860e-10
1.801067884061090193e-10 8.725738969627623826e-10
1.814587170448924251e-10 8.760984522128181807e-10
1.828169142742271080e-10 8.796274735499451616e-10
1.841813853212517683e-10 8.831609657231772668e-10
1.855521352573372777e-10 8.866989334747482892e-10
1.869291690012339462e-10 8.902413815396606021e-10
1.883124913221336930e-10 8.937883146452488213e-10
1.897021068426436578e-10 8.973397375107597009e-10
1.910980200416794456e-10 9.008956548469774200e-10
1.925002352572829175e-10 9.044560713558335677e-10
1.939087566893658197e-10 9.080209917300526958e-10
1.953235884023776734e-10 9.115904206527898070e-10
1.967447343279152712e-10 9.151643627973051695e-10
1.981721982672590200e-10 9.187428228266490576e-10
1.996059838938509666e-10 9.223258053933338787e-10
2.010460947557132936e-10 9.259133151390586177e-10
2.024925342778114190e-10 9.295053566944106392e-10
2.039453057643560655e-10 9.331019346785884784e-10
2.054044124010610245e-10 9.367030536991620618e-10
2.068698572573420087e-10 9.403087183517966361e-10
2.083416432884798846e-10 9.439189332200304633e-10
2.098197733377097947e-10 9.475337028750077445e-10
2.113042501383104865e-10 9.511530318753208355e-10
2.127950763156022120e-10 9.547769247667321072e-10
2.142922543889296609e-10 9.584053860820043736e-10
2.157957867736023708e-10 9.620384203406969917e-10
2.173056757827875236e-10 9.656760320489847090e-10
2.188219236293738160e-10 9.693182256994645169e-10
2.203445324277931177e-10 9.729650057709978659e-10
2.218735041958011073e-10 9.766163767285344762e-10
2.234088408562510317e-10 9.802723430229677879e-10
2.249505442387917270e-10 9.839329090909715926e-10
2.264986160815688705e-10 9.875980793548707868e-10
2.280530580328785146e-10 9.912678582224912382e-10
2.296138716527972533e-10 9.949422500870342616e-10
2.311810584147726060e-10 9.986212593269490256e-10
2.327546197072038888e-10 1.002304890305818609e-09
2.343345568349728349e-10 1.005993147372240887e-09
2.359208710209660720e-10 1.009686034859731336e-09
2.375135634075515365e-10 1.013383557086603095e-09
2.391126350580614272e-10 1.017085718355880523e-09
2.407180869582112597e-10 1.020792522955208416e-09
2.423299200175227201e-10 1.024503975156755641e-09
2.439367056848202354e-10 1.028220135820799611e-09
2.455279745501103250e-10 1.031941006911429402e-09
2.471138177766723569e-10 1.035666487873097664e-09
2.486970401052089231e-10 1.039396536896647928e-09
2.502791105039844007e-10 1.043131126102375167e-09
2.518609720672232256e-10 1.046870234308121152e-09
2.534432948390193322e-10 1.050613844405051812e-09
2.550265853955566154e-10 1.054361942072234491e-09
2.566112432982566491e-10 1.058114515040002176e-09
2.581975935721863664e-10 1.061871552623777666e-09
2.597859068998268102e-10 1.065633045407959056e-09
2.613764129251217469e-10 1.069398985020325250e-09
2.629693094216838092e-10 1.073169363964742819e-09
2.645647688425232375e-10 1.076944175492982163e-09
2.661629431394017898e-10 1.080723413504228095e-09
2.677639673974815685e-10 1.084507072464465095e-09
2.693679626344167908e-10 1.088295147340666609e-09
2.709750379951687702e-10 1.092087633546463970e-09
2.725852924999730187e-10 1.095884526896365051e-09
2.741988164557387083e-10 1.099685823567059171e-09
2.758156926095142431e-10 1.103491520064209099e-09
2.774359971014217619e-10 1.107301613193709426e-09
2.790598002595627667e-10 1.111116100036761543e-09
2.806871672689088838e-10 1.114934977927857197e-09
2.823181587386333033e-10 1.118758244435440040e-09
2.839528311867831451e-10 1.122585897344708755e-09
2.855912374570607698e-10 1.126417934642264783e-09
2.872334270794027671e-10 1.130254354502321783e-09
2.888794465836977167e-10 1.134095155274315496e-09
2.905293397740822770e-10 1.137940335471672080e-09
2.921831479700094302e-10 1.141789893761630067e-09
2.938409102189700743e-10 1.145643828955934375e-09
2.955026634850340055e-10 1.149502140002382725e-09
2.971684428165740232e-10 1.153364825976999072e-09
2.988382814960448671e-10 1.157231886076957275e-09
3.005122111741580131e-10 1.161103319613913403e-09
3.021902619904898802e-10 1.164979126007956565e-09
3.038724626822076389e-10 1.168859304781963194e-09
3.055588406823717171e-10 1.172743855556363473e-09
3.072494222090451244e-10 1.176632778044262422e-09
3.089442323462785180e-10 1.180526072046909840e-09
3.106432951178975051e-10 1.184423737449471964e-09
3.123466335548653886e-10 1.188325774217050046e-09
3.140542697569581673e-10 1.192232182391025241e-09
3.157662249492709492e-10 1.196142962085479199e-09
3.174825195342023244e-10 1.200058113484034021e-09
3.192031731392464823e-10 1.203977636836675062e-09
3.209282046611395310e-10 1.207901532456943479e-09
3.226576323065780314e-10 1.211829800719129194e-09
3.243911986029130629e-10 1.215762481177001531e-09
3.261277142649758332e-10 1.219699742914273224e-09
3.278679152967485562e-10 1.223641479610808318e-09
3.296120766572185674e-10 1.227587652635418083e-09
3.313603374113596723e-10 1.231538243365789523e-09
3.331127900436087764e-10 1.235493240157566119e-09
3.348695037580402365e-10 1.239452634903366019e-09
3.366305339343394528e-10 1.243416421621621633e-09
3.383959268431744370e-10 1.247384595746191757e-09
3.401657223141780073e-10 1.251357153720715088e-09
3.419399553826976603e-10 1.255334092746107561e-09
3.437186573734802894e-10 1.259315410613157323e-09
3.455018566499421037e-10 1.263301105585822784e-09
3.472895791530013680e-10 1.267291176316731366e-09
3.490818488013394177e-10 1.271285621784091880e-09
3.508786877967134365e-10 1.275284441243098495e-09
3.526801168623222496e-10 1.279287634187936263e-09
3.544861554324656039e-10 1.283295200321333637e-09
3.562968218061053368e-10 1.287307139529714581e-09
3.581121332729985293e-10 1.291323451862798236e-09
3.599321062187270062e-10 1.295344137516454971e-09
3.617567562130697975e-10 1.299369196818160423e-09
3.635860980853313747e-10 1.303398630214773480e-09
3.654201459889065615e-10 1.307432438261729796e-09
3.672589134572582754e-10 1.311470621613780046e-09
3.691024134528304757e-10 1.315513181016942504e-09
3.709506584099106977e-10 1.319560117301170490e-09
3.728036602726770525e-10 1.323611431374111300e-09
3.746614305289438869e-10 1.327667124215320279e-09
3.765239802403942531e-10 1.331727196871166635e-09
3.783913200697392978e-10 1.335791650450202462e-09
3.802634603052637101e-10 1.339860486118999130e-09
3.821404108830382087e-10 1.343933705098301309e-09
3.840221814071725426e-10 1.348011308659472986e-09
3.859087811683519366e-10 1.352093298121430486e-09
3.878002191607504011e-10 1.356179674847526898e-09
3.896965040976814553e-10 1.360270440242941285e-09
3.915976444259714235e-10 1.364365595752035634e-09
3.935036483393013938e-10 1.368465142856056951e-09
3.954145237905708279e-10 1.372569083070897460e-09
3.973302785034182741e-10 1.376677417945030997e-09
3.992509199829250330e-10 1.380790149057554862e-09
4.011764555257110000e-10 1.384907278016383471e-09
4.031068922293056912e-10 1.389028806456505476e-09
4.050422370009914762e-10 1.393154736038324039e-09
4.069664148939947330e-10 1.397284964486672648e-09
4.088433356446098828e-10 1.401419187864263515e-09
4.106992227907596088e-10 1.405557487273666716e-09
4.125417183858250335e-10 1.409699865705705955e-09
4.143744940779579559e-10 1.413846313299154799e-09
4.161998086090709860e-10 1.417996817811155364e-09
4.180192210289839473e-10 1.422151366816642560e-09
4.198338841822708820e-10 1.426309948345483672e-09
4.216446909821489813e-10 1.430472551071283793e-09
4.234523565622509073e-10 1.434639164346280013e-09
4.252574683990267050e-10 1.438809778179752428e-09
4.270605188227988026e-10 1.442984383196158663e-09
4.288619271260102521e-10 1.447162970588000088e-09
4.306620551745241938e-10 1.451345532069150426e-09
4.324612187758425693e-10 1.455532059831245552e-09
4.342596961725332680e-10 1.459722546503856401e-09
4.360577345271282270e-10 1.463916985118494406e-09
4.378555549665891155e-10 1.468115369076344429e-09
4.396533565702316122e-10 1.472317692119292550e-09
4.414513195673628237e-10 1.476523948303805152e-09
4.432496079336189893e-10 1.480734131977797227e-09
4.450483715225581175e-10 1.484948237759270439e-09
4.468477478334338250e-10 1.489166260517431277e-09
4.486478634904127512e-10 1.493388195355452406e-09
4.504488354904786689e-10 1.497614037594703087e-09
4.522507722641068485e-10 1.501843782760460256e-09
4.540537745828989452e-10 1.506077426568903583e-09
4.558579363411715879e-10 1.510314964914997286e-09
4.576633452328216785e-10 1.514556393861473732e-09
4.594700833407365745e-10 1.518801709628682071e-09
4.612782276524649451e-10 1.523050908585088071e-09
4.630878505135944649e-10 1.527303987238515923e-09
4.648990200279592684e-10 1.531560942228042085e-09
4.667118004123767178e-10 1.535821770316198477e-09
4.685262523123867919e-10 1.540086468382083107e-09
4.703424330840315757e-10 1.544355033414290981e-09
4.721603970464874899e-10 1.548627462504889335e-09
4.739801957090364644e-10 1.552903752843231772e-09
4.758018779757638789e-10 1.557183901710318335e-09
4.776254903306068270e-10 1.561467906473272426e-09
4.794510770052462419e-10 1.565755764580345046e-09
4.812786801316575091e-10 1.570047473555690324e-09
4.831083398812396609e-10 1.574343030994621633e-09
4.849400945919963596e-10 1.578642434558997166e-09
4.867739808850491470e-10 1.582945681972558981e-09
4.886100337716987068e-10 1.587252771016575616e-09
4.904482867519899493e-10 1.591563699525313486e-09
4.922887719057880080e-10 1.595878465381762631e-09
4.941315199770468519e-10 1.600197066513243355e-09
4.959765604521111324e-10 1.604519500887044711e-09
4.978239216325485054e-10 1.608845766505962889e-09
4.996736307032476893e-10 1.613175861403736429e-09
5.015257137962516825e-10 1.617509783640466526e-09
5.033801960507972206e-10 1.621847531297669258e-09
5.052371016700579187e-10 1.626189102473294711e-09
5.070964539750193721e-10 1.630534495276246084e-09
5.089582754559419913e-10 1.634883707820707919e-09
5.108225878217807005e-10 1.639236738219896126e-09
5.126894120480484004e-10 1.643593584579330116e-09
5.145587684235126910e-10 1.647954244989350536e-09
5.164306765962843080e-10 1.652318717516895435e-09
5.183051556196903881e-10 1.656687000196043117e-09
5.201822239987307931e-10 1.661059091017526380e-09
5.220618997376429599e-10 1.665434987916439989e-09
5.239442003895426635e-10 1.669814688758038822e-09
5.258291431091956584e-10 1.674198191321003582e-09
5.277167447102437910e-10 1.678585493277439990e-09
5.296070217287432243e-10 1.682976592168721385e-09
5.314999904953380142e-10 1.687371485375861806e-09
5.333956672194840528e-10 1.691770170082584237e-09
5.352940680902560190e-10 1.696172643228528448e-09
5.371952094006302315e-10 1.700578901448741077e-09
5.390991077054329256e-10 1.704988940993832645e-09
5.410057800285390703e-10 1.709402757621606966e-09
5.429152441451588160e-10 1.713820346446054987e-09
5.448275189820724531e-10 1.718241701718288408e-09
5.467426252142543839e-10 1.722666816495411631e-09
5.486605862089385955e-10 1.727095682109164927e-09
5.505814296418940080e-10 1.731528287247191052e-09
5.525051905832308481e-10 1.735964616183527387e-09
5.544319184601710186e-10 1.740404644755215977e-09
5.563616984390632974e-10 1.744848327916809768e-09
5.602310395398165936e-10 1.753746315099186909e-09
5.621699689900658296e-10 1.758201003134800795e-09
5.641116078449210853e-10 1.762659566997375258e-09
5.660559602202201931e-10 1.767122005811339000e-09
5.680030298606584864e-10 1.771588318713840277e-09
5.699528201448615877e-10 1.776058504853920551e-09
5.719053340900311655e-10 1.780532563391951173e-09
5.738605743561394637e-10 1.785010493498657318e-09
5.758185432497525301e-10 1.789492294354590030e-09
5.777792427274224845e-10 1.793977965149297389e-09
5.797426743987540839e-10 1.798467505080682417e-09
5.817088395290006219e-10 1.802960913354316922e-09
5.836777390414135352e-10 1.807458189182747502e-09
5.856493735191517437e-10 1.811959331784845999e-09
5.876237432068789356e-10 1.816464340385148372e-09
5.896008480120065104e-10 1.820973214213229146e-09
5.915806875055960322e-10 1.825485952503022293e-09
5.935632609229579022e-10 1.830002554492279431e-09
5.955485671638676663e-10 1.834523019421812126e-09
5.975366047924980827e-10 1.839047346534966218e-09
5.995273720370346901e-10 1.843575535077045898e-09
6.015208667889084939e-10 1.848107584294594680e-09
6.035170866017708826e-10 1.852643493434885444e-09
6.055160286900964169e-10 1.857183261745282061e-09
6.075176899274816287e-10 1.861726888472600393e-09
6.095220668446280450e-10 1.866274372862654381e-09
6.115291556269485339e-10 1.870825714159502896e-09
6.135389521118771062e-10 1.875380911604936265e-09
6.155514517858572547e-10 1.879939964437924748e-09
6.175666497808671747e-10 1.884502871893855677e-09
6.195845408707856499e-10 1.889069633204222012e-09
6.216051194672169612e-10 1.893640247595763738e-09
6.236283796150421027e-10 1.898214714290022833e-09
6.256543149875667472e-10 1.902793032502690216e-09
6.276829188812829181e-10 1.907375201443026716e-09
6.297141842102307194e-10 1.911961220313238966e-09
6.317481034999374801e-10 1.916551088307891277e-09
6.337846688809426875e-10 1.921144804613265815e-09
6.358238720818919604e-10 1.925742368406820384e-09
6.378657044220869424e-10 1.930343778856407149e-09
6.399101568037159056e-10 1.934949035119764343e-09
6.419572197034099938e-10 1.939558136343900836e-09
6.440068831634309573e-10 1.944171081664329755e-09
6.460591367821938345e-10 1.948787870204480776e-09
6.481139697043055259e-10 1.953408501075016039e-09
6.501713706099657154e-10 1.958032973373162204e-09
6.522313277037638464e-10 1.962661286181990802e-09
6.542938287027988432e-10 1.967293438569727956e-09
6.563588608241239573e-10 1.971929429589051272e-09
6.584264107714199572e-10 1.976569258276292028e-09
6.604947834635667884e-10 1.981212922783789711e-09
6.625619579751142618e-10 1.985860415167831941e-09
6.646296372768730937e-10 1.990511728883946037e-09
6.666982950377467719e-10 1.995166859400232348e-09
6.687681698330974654e-10 1.999825802900392615e-09
6.708394086185853087e-10 2.004488555976829008e-09
6.729121105849445919e-10 2.009155115492021061e-09
6.749863460116741656e-10 2.013825478501123904e-09
6.770621659371151537e-10 2.018499642202707998e-09
6.791396077043897665e-10 2.023177603905189255e-09
6.812186983989376925e-10 2.027859361002394949e-09
6.832994571043293423e-10 2.032544910955025768e-09
6.853818964481674625e-10 2.037234251276053600e-09
6.874660236976436022e-10 2.041927379518982182e-09
6.895518415563265596e-10 2.046624293268061967e-09
6.916393487554600345e-10 2.051324990129804494e-09
6.937285404991382062e-10 2.056029467725952179e-09
6.958194088026849528e-10 2.060737723687129287e-09
6.979119427509218691e-10 2.065449755647009075e-09
7.000061286950089208e-10 2.070165561237283699e-09
7.021019504008017697e-10 2.074885138082835966e-09
7.041993891583914758e-10 2.079608483797287445e-09
7.062984238595698589e-10 2.084335595978761235e-09
7.083990310483043693e-10 2.089066472205973126e-09
7.105011849477794494e-10 2.093801110034237967e-09
7.126048574666598419e-10 2.098539506991683660e-09
7.147100181863508710e-10 2.103281660575556149e-09
7.168166343303438527e-10 2.108027568248521091e-09
7.189246707161850250e-10 2.112777227434795134e-09
7.210340896902233027e-10 2.117530635516724697e-09
7.231448510443411061e-10 2.122287789830477189e-09
7.252569119142565378e-10 2.127048687662571810e-09
7.273702266572169743e-10 2.131813326245531476e-09
7.294847467073692238e-10 2.136581702753786212e-09
7.316004204055673224e-10 2.141353814299277094e-09
7.337171927995887706e-10 2.146129657926684251e-09
7.358350054093660960e-10 2.150909230608616801e-09
7.379537959497123971e-10 2.155692529240265138e-09
7.400734980003410050e-10 2.160479550633675181e-09
7.421940406086525267e-10 2.165270291511587534e-09
7.443153478039263980e-10 2.170064748500550797e-09
