8.343331539386922391e-37 5.804750461048060979e-24
8.343331539386841540e-36 5.834291160941842966e-24
4.328520845605325823e-35 5.922865179708065278e-24
8.343331997267188081e-35 6.018920346955988733e-24
1.175617377427580905e-34 6.153565400699890176e-24
1.578249232045991611e-34 6.291158397214546675e-24
2.028816198340266159e-34 6.431765057997659127e-24
2.509815269944135155e-34 6.575452657634899256e-24
3.002943469558206946e-34 6.722290063497918720e-24
3.492475041737576286e-34 6.872347776538291433e-24
3.968027104976752415e-34 7.025697973207327481e-24
4.426347667699632477e-34 7.182414548535662826e-24
4.872147167060552382e-34 7.342573160406994043e-24
5.318310210652622848e-34 7.506251275061236892e-24
5.786017390243969984e-34 7.673528213863953848e-24
6.305405399289733538e-34 7.844485201378279332e-24
6.917480028333454868e-34 8.019205414780216049e-24
7.678189789604631549e-34 8.197774034655830731e-24
8.666030439290194061e-34 8.380278297221786925e-24
9.995543769634782419e-34 8.566807548013419302e-24
1.169357086528977714e-33 8.754579259063801234e-24
1.377324559510046436e-33 8.946318559809007652e-24
1.630774779971511155e-33 9.142128040904789786e-24
1.937940230731105519e-33 9.342113786154221651e-24
2.307786402133763566e-33 9.546385503916100379e-24
2.749665237373208121e-33 9.755056663812691090e-24
3.272752474002556766e-33 9.968244638979360449e-24
3.885221311590783343e-33 1.018607085411141628e-23
4.593119796050455779e-33 1.040866093957380615e-23
5.398950343140147010e-33 1.063614489185848545e-23
6.300000524390346230e-33 1.086865724068055881e-23
7.286545353404128195e-33 1.110633722302419827e-23
8.340128376333091430e-33 1.134932896446696395e-23
9.432219902552555888e-33 1.159778166811884772e-23
1.052362489602978653e-32 1.185184981154199200e-23
1.156504174772679775e-32 1.211169335202363450e-23
1.264916317413919051e-32 1.239241463448188998e-23
1.379438495643274723e-32 1.267971224038149039e-23
1.500073144761555555e-32 1.297374007901285060e-23
1.626805643194344548e-32 1.327465561872469481e-23
1.759606815925759356e-32 1.358261996724736784e-23
1.898435837686528189e-32 1.389779795375944726e-23
2.043243500706360388e-32 1.422035821272920489e-23
2.193975808678113853e-32 1.455047326957121400e-23
2.350577856981941463e-32 1.488831962815023097e-23
2.512997959208044898e-32 1.523407786017442862e-23
2.681191981567416437e-32 1.558793269651198503e-23
2.855127849832231876e-32 1.595007312047178833e-23
3.034790197907164621e-32 1.632069246308865021e-23
3.220185132890511940e-32 1.669998850045115253e-23
3.411345098416556308e-32 1.708816355311224066e-23
3.608333826046498645e-32 1.748542458762873110e-23
3.811251373380975418e-32 1.789198332026728465e-23
4.020239257289387421e-32 1.830805632292188994e-23
4.235485701115545327e-32 1.873386513128638006e-23
4.457231025858769699e-32 1.916963635532724182e-23
4.685773227142201802e-32 1.961560179210147441e-23
4.921473792279107218e-32 2.007199854096648812e-23
5.164763825013860712e-32 2.053906912122437823e-23
5.416150559677356266e-32 2.101706159225867023e-23
5.676224361735582780e-32 2.150622967620165450e-23
5.945666328295950079e-32 2.200683288318540473e-23
6.225256620389317304e-32 2.251913663922889235e-23
6.515883679181725799e-32 2.304341241681088222e-23
6.818554501202732774e-32 2.357993786817853280e-23
7.134406173825193312e-32 2.412899696144793355e-23
7.464718902342930138e-32 2.469088011954669376e-23
7.810930794955007913e-32 2.526588436205844201e-23
8.174654712884150468e-32 2.585431345001925635e-23
8.557697540980635187e-32 2.645647803372415946e-23
8.962082291105125335e-32 2.707269580360361408e-23
9.390073518149412563e-32 2.770329164422515847e-23
9.844206609079382171e-32 2.834859779148162473e-23
1.032732160154376669e-31 2.900895399302424176e-23
1.084260230378536734e-31 2.968470767200272414e-23
1.139362162583583213e-31 3.037621409417577656e-23
1.198439419828509285e-31 3.108383653845252545e-23
1.261943755539089286e-31 3.180794647093074653e-23
1.330384340145656874e-31 3.254892372249886789e-23
1.404336077253495881e-31 3.330715667006097611e-23
1.483472727249712568e-31 3.408414424850533268e-23
1.567003589178796835e-31 3.487943286348087368e-23
1.655167289514284898e-31 3.569345134170166128e-23
1.748215012903263570e-31 3.652663836242830106e-23
1.846411134939230429e-31 3.737944267560538091e-23
1.950033884925099469e-31 3.825232332452740773e-23
2.059376039924234651e-31 3.914574987313402911e-23
2.174745651445690387e-31 4.006020263801403843e-23
2.296466806160689830e-31 4.099617292520576132e-23
2.424880422094566229e-31 4.195416327188195036e-23
2.560345081796892890e-31 4.293468769301604858e-23
2.703237904038088114e-31 4.393827193310781011e-23
2.853955455644149464e-31 4.496545372308040828e-23
3.012914705128677548e-31 4.601678304241797981e-23
3.180554019846992394e-31 4.709282238666835445e-23
3.357334208447509083e-31 4.819414704037870795e-23
3.543739610463490861e-31 4.932134535558681872e-23
3.740279234941477254e-31 5.047501903595429781e-23
3.947487950071625953e-31 5.165578342663644281e-23
4.165927725842730533e-31 5.286426781001161380e-23
4.396188931814664819e-31 5.410111570736368287e-23
4.638891692159340744e-31 5.536698518660309813e-23
4.894687300195892267e-31 5.666254917617511519e-23
5.164259694704193531e-31 5.798849578522038310e-23
5.448327000378463193e-31 5.934552863012662857e-23
5.747643134840152214e-31 6.073436716756434338e-23
6.062999484711082549e-31 6.215574703413627326e-23
6.395226653306035125e-31 6.361042039272804746e-23
6.745196282586572776e-31 6.509915628570695620e-23
7.113822952074040835e-31 6.662274099505951853e-23
7.502066157507057309e-31 6.818197840959479389e-23
7.910932372086644876e-31 6.977769039934042606e-23
8.341477193230442269e-31 7.141071719723155983e-23
8.794807577826549877e-31 7.308191778824189475e-23
9.272084169047416517e-31 7.479217030605698092e-23
9.774523717854947772e-31 7.654237243742506815e-23
1.030340160239860232e-30 7.833344183431135670e-23
1.086005444857106643e-30 8.016631653398125141e-23
1.144588285506517982e-30 8.204195538714302835e-23
1.206235422632301713e-30 8.396133849427696155e-23
1.271100571685504426e-30 8.592546765029039398e-23
1.339344729044654923e-30 8.793536679761559674e-23
1.411136489784891347e-30 8.999208248791433944e-23
1.486652377659502682e-30 9.209668435248214132e-23
1.566077187664428947e-30 9.425026558153405232e-23
1.649604341560775854e-30 9.645394341247466687e-23
1.737436256735510424e-30 9.870885962731738642e-23
1.829784728785084552e-30 1.010161810593728193e-22
1.926871328210494417e-30 1.033771001093669493e-22
2.028927811615777595e-30 1.057928352711143687e-22
2.136196547805834840e-30 1.082646316669116626e-22
2.248930959180842709e-30 1.107937615927701744e-22
2.367395978827692451e-30 1.133815250736662402e-22
2.491868523708641803e-30 1.160292504289261713e-22
2.622637984350639469e-30 1.187382948479177354e-22
2.760006731434725961e-30 1.215100449761804874e-22
2.904290639688897690e-30 1.243459175121657341e-22
3.055819629481395537e-30 1.272473598147166403e-22
3.214938226512419956e-30 1.302158505214605646e-22
3.382006139995933760e-30 1.332529001782494214e-22
3.557398859721126895e-30 1.363600518798173378e-22
3.741508272374899917e-30 1.395388819218066812e-22
3.934743297502254493e-30 1.427910004643170826e-22
4.137530543471407785e-30 1.461180522071301030e-22
4.350314983802416372e-30 1.495217170767806276e-22
4.573560654206567576e-30 1.530037109256112953e-22
4.807751370673362010e-30 1.565657862430097520e-22
5.052761806258800996e-30 1.601987005042918001e-22
5.309956117523457877e-30 1.639149713601169863e-22
5.579921125207365580e-30 1.677165125714568136e-22
5.863270757923160876e-30 1.716052824186507945e-22
6.160647236644815825e-30 1.755832847625197232e-22
6.472722307098385366e-30 1.796525701316273501e-22
6.800198521781402650e-30 1.838152368362973420e-22
7.143810573382647542e-30 1.880734321101439103e-22
7.504326681429173002e-30 1.924293532797488750e-22
7.882550034036005234e-30 1.968852489632412669e-22
8.279320286689814479e-30 2.014434202985232742e-22
8.695515120051975660e-30 2.061062222018848794e-22
9.132051858814140409e-30 2.108760646577983445e-22
9.589889153704882638e-30 2.157554140407065481e-22
1.007002872879084937e-29 2.207467944695973411e-22
1.057351719628050872e-29 2.258527891962361851e-22
1.110144794108741227e-29 2.310760420279086954e-22
1.165496307747500751e-29 2.364192587855674516e-22
1.223525548015917653e-29 2.418852087983249989e-22
1.284357089229374366e-29 2.474767264351628136e-22
1.348121011284355436e-29 2.531967126749008219e-22
1.414953126588252951e-29 2.590481367153914729e-22
1.484995215443320089e-29 2.650340376228826169e-22
1.558395270151104971e-29 2.711575260227265160e-22
1.635307748109662479e-29 2.774217858324220739e-22
1.715893834182531082e-29 2.838300760380752198e-22
1.800321712622738155e-29 2.903857325154714649e-22
1.888766848842402598e-29 2.970921698968917877e-22
1.981412281323033046e-29 3.039528834848632342e-22
2.078448923967866430e-29 3.109714512140420628e-22
2.180075879203206651e-29 3.181515356626025505e-22
2.286500762140476591e-29 3.254968861142267414e-22
2.397940036117118301e-29 3.330113406722320239e-22
2.514619359938940448e-29 3.406988284270963381e-22
2.636773947151566021e-29 3.485633716787230992e-22
2.764648937674142664e-29 3.566090882150545710e-22
2.898499782133063585e-29 3.648401936483397105e-22
3.038592639237389709e-29 3.732610038107152948e-22
3.185204786543110281e-29 3.818759372105524891e-22
3.338625044956629897e-29 3.906895175512350000e-22
3.499154217331570437e-29 3.997063763140107000e-22
3.667105541518214491e-29 4.089312554066009697e-22
3.842805158225723393e-29 4.183690098793033985e-22
4.026592594062382251e-29 4.280246107103883740e-22
4.218821260119989211e-29 4.379031476626055552e-22
4.419858966472708431e-29 4.480098322127238574e-22
4.630088452960333466e-29 4.583500005560322887e-22
4.849907936628649857e-29 4.689291166877443535e-22
5.079731676200108110e-29 4.797527755634340453e-22
5.319990553948500833e-29 4.908267063405826420e-22
5.571132675351374286e-29 5.021567757033505009e-22
5.833623986891865931e-29 5.137489912728717108e-22
6.107948912383088381e-29 5.256095051053221547e-22
6.394611008182662364e-29 5.377446172800868630e-22
6.694133637666066875e-29 5.501607795805077980e-22
7.007060665321289927e-29 5.628645992696290727e-22
7.333957170823661397e-29 5.758628429634655069e-22
7.675410183447972631e-29 5.891624406046195624e-22
8.032029437163028219e-29 6.027704895385946374e-22
8.404448146753884109e-29 6.166942586959377406e-22
8.793323805305582636e-29 6.309411928827744053e-22
9.199339003374658343e-29 6.455189171828658564e-22
9.623202270163785187e-29 6.604352414740707413e-22
1.006564893701010075e-28 6.756981650624067957e-22
1.052744202347539623e-28 6.913158814367597009e-22
1.100937314632807509e-28 7.072967831477147403e-22
1.151226345167628764e-28 7.236494668135826819e-22
1.203696457051285161e-28 7.403827382575116180e-22
1.258435959790188387e-28 7.575056177787075699e-22
1.315536409603081728e-28 7.750273455618778060e-22
1.375092712132297687e-28 7.929573872284845763e-22
1.437203227579110817e-28 8.113054395335129153e-22
1.501969878278838403e-28 8.300814362120965786e-22
1.569498258728915679e-28 8.492955539797637868e-22
1.640050543266697308e-28 8.690036843115854738e-22
1.713569325414208092e-28 8.891704931784851298e-22
1.790172881945094535e-28 9.098066659826042910e-22
1.869984091626481000e-28 9.309231368142698901e-22
1.953130617564404975e-28 9.525310942230121137e-22
2.039745097199956988e-28 9.746419871220206161e-22
2.129965340298338182e-28 9.972675308287397193e-22
2.223934535293488217e-28 1.020419713245103313e-21
2.321801464363964005e-28 1.044110801180213902e-21
2.423720727637334700e-28 1.068353346819158552e-21
2.529852976936610953e-28 1.093160194340888797e-21
2.640365159504713388e-28 1.118544486688852749e-21
2.755430772161801401e-28 1.144519672497885016e-21
2.875230126373853938e-28 1.171099513180620044e-21
2.999950624733073854e-28 1.198298090177652750e-21
3.129787049376127873e-28 1.226129812374469098e-21
3.264941862890547264e-28 1.254609423689599540e-21
3.405625522288517396e-28 1.283752010837646344e-21
3.552056806652221652e-28 1.313573011271059592e-21
3.704463159089209828e-28 1.344088221304828763e-21
3.863081043664507314e-28 1.375313804428721135e-21
4.028156318008733164e-28 1.407266299810551194e-21
4.199944622339004234e-28 1.439962630995276491e-21
4.378711785664181203e-28 1.473420114804714269e-21
4.564734249983013791e-28 1.507656470441661895e-21
4.758299513327859339e-28 1.542689828803967536e-21
4.959706592545617628e-28 1.578538742012572031e-21
5.169266506754410188e-28 1.615222193158899886e-21
5.387302782461974322e-28 1.652759606276689765e-21
5.614151981377822522e-28 1.691170856542571277e-21
5.850164252011596275e-28 1.730476280711782029e-21
6.095703906194273107e-28 1.770696687793571534e-21
6.351150021726637766e-28 1.811853369971784660e-21
6.616897072415967312e-28 1.853968113776806213e-21
6.893355586826135172e-28 1.897063211513680144e-21
7.180952837137021140e-28 1.941161472953298014e-21
7.480133559578154148e-28 1.986286237291652441e-21
7.791360707979548823e-28 2.032461385384091912e-21
8.115116242059633236e-28 2.079711352260045914e-21
8.451901952156511305e-28 2.128061139925395968e-21
8.802240322196625440e-28 2.177536330458316273e-21
9.166675432790162579e-28 2.228163099405940074e-21
9.545773906436445867e-28 2.279968229488028310e-21
9.940125896931922749e-28 2.332979124615141855e-21
1.035034612518199253e-27 2.387223824228165709e-21
1.077707496373108395e-27 2.442731017966687988e-21
1.122097957245275228e-27 2.499530060673361518e-21
1.168275508796458021e-27 2.557650987742552881e-21
1.216312586947889865e-27 2.617124530820190042e-21
1.266284680392995720e-27 2.677982133863515503e-21
1.318270467338810728e-27 2.740255969568752646e-21
1.372351958791719759e-27 2.803978956174391971e-21
1.428614648721159744e-27 2.869184774650044764e-21
1.487147671452445830e-27 2.935907886277800520e-21
1.548043966658757214e-27 3.004183550636555504e-21
1.611400452343035897e-27 3.074047843997409980e-21
1.677318206221100654e-27 3.145537678140078255e-21
1.745902655939933566e-27 3.218690819599503308e-21
1.817263778589299758e-27 3.293545909352371139e-21
1.891516309989188267e-27 3.370142482953833041e-21
1.968779964262954572e-27 3.448520991134569157e-21
2.049179664233330157e-27 3.528722820867789838e-21
2.132845783209271869e-27 3.610790316918418775e-21
2.219914398761998090e-27 3.694766803883612073e-21
2.310527559122647961e-27 3.780696608736973089e-21
2.404833562869170075e-27 3.868625083887196316e-21
2.502987252607502979e-27 3.958598630763186040e-21
2.605150323391130965e-27 4.050664723937054879e-21
2.711491646665689857e-27 4.144871935797609519e-21
2.822187610570192119e-27 4.241269961786563851e-21
2.937422477471745680e-27 4.339909646210003297e-21
3.057388759662582051e-27 4.440843008638488564e-21
3.182287614199893364e-27 4.544123270908537039e-21
3.312329257925387173e-27 4.649804884739744998e-21
3.447733403761279317e-27 4.757943559980759040e-21
3.588729719441620650e-27 4.868596293498495336e-21
3.735558309905663912e-27 4.981821398725343058e-21
3.888470224651008889e-27 5.097678535878728767e-21
4.047727991418027674e-27 5.216228742868963772e-21
4.213606177659278552e-27 5.337534466909272758e-21
4.386391981330850185e-27 5.461659596846063786e-21
4.566385852632587977e-27 5.588669496223699836e-21
4.753902148420998676e-27 5.718631037101340713e-21
4.949269821118036833e-27 5.851612634637830029e-21
5.152833144050672431e-27 5.987684282463817326e-21
5.364952475264792542e-27 6.126917588855801320e-21
5.586005061984732356e-27 6.269385813733438981e-21
5.816385888014718307e-27 6.415163906495542943e-21
6.056508566519105448e-27 6.564328544716299276e-21
6.306806280761329321e-27 6.716958173718698207e-21
6.567732775539798309e-27 6.873133047045934941e-21
6.839763402222413180e-27 7.032935267852423974e-21
7.123396220457323622e-27 7.196448831230820627e-21
7.419153159825883306e-27 7.363759667501340997e-21
7.727581244899386100e-27 7.534955686480137427e-21
8.049253887379014195e-27 7.710126822752714499e-21
8.385151614945629518e-27 7.889668571779012152e-21
8.735150048349688123e-27 8.073393433152061582e-21
9.099831852437590217e-27 8.261398823143461503e-21
9.479802849982362515e-27 8.453784423342814428e-21
9.875692878437498428e-27 8.650652233206090240e-21
1.028815667445835681e-26 8.852106623817339178e-21
1.071787478686435524e-26 9.058254392894469806e-21
1.116555451870630294e-26 9.269204821065073947e-21
1.163193089911478268e-26 9.485069729443512220e-21
1.211776768559758727e-26 9.705963538537432893e-21
1.262385839745541155e-26 9.932003328515741152e-21
1.315102738098831851e-26 1.016330890086981017e-20
1.370013090714453934e-26 1.040000284149671907e-20
1.427205830228371849e-26 1.064221058524165073e-20
1.486773311269108402e-26 1.089006048192927705e-20
1.548811430349399108e-26 1.114368386392075323e-20
1.613419749260871374e-26 1.140321511523003505e-20
1.680701622033350315e-26 1.166879174223612868e-20
1.750764325519915764e-26 1.194055444602728164e-20
1.823719193665909226e-26 1.221864719641534925e-20
1.899681755519280190e-26 1.250321730765796448e-20
1.978771877036816079e-26 1.279441551592755626e-20
2.061113906739036841e-26 1.309239605856878640e-20
2.146836825263995947e-26 1.339731675518491425e-20
2.236074398865917323e-26 1.370933909059191771e-20
2.328965336904411166e-26 1.402862829968982031e-20
2.425653453362868567e-26 1.435535345428733858e-20
2.526287832434241923e-26 1.468968755193268637e-20
2.631022998206213535e-26 1.503180760678942487e-20
2.740019088473859781e-26 1.538189474260855502e-20
2.853442032704008945e-26 1.574013428784478374e-20
2.971463734168379559e-26 1.610671587296296077e-20
3.094262256260112301e-26 1.648183352998917183e-20
3.222022012998361534e-26 1.686568579435435643e-20
3.354933963723750932e-26 1.725847580908533332e-20
3.493195811976743678e-26 1.766041143139628709e-20
3.637012208546084028e-26 1.807170534173443106e-20
3.786594958666764365e-26 1.849257515533883728e-20
3.942163233337104673e-26 1.892324353636774689e-20
4.103943784718353754e-26 1.936393831465303547e-20
4.268078455521007922e-26 1.980392923897784563e-20
4.438648549717202144e-26 2.025391870543070357e-20
4.615902816129409343e-26 2.071413382635450404e-20
4.800099547233377726e-26 2.118480686784240714e-20
4.991506945378430349e-26 2.166617536651678710e-20
5.190403503168675368e-26 2.215848224894299158e-20
5.397078398564596259e-26 2.266197595374531919e-20
5.611831905280603302e-26 2.317691055648361290e-20
5.834975819081654116e-26 2.370354589735401607e-20
6.066833900602097034e-26 2.424214771177379955e-20
6.307742335339041397e-26 2.479298776392171485e-20
6.558050211496470531e-26 2.535634398329308971e-20
6.818120016383023495e-26 2.593250060434579747e-20
7.088328152095962271e-26 2.652174830929699970e-20
7.369065471253859762e-26 2.712438437415323935e-20
7.660737833567964917e-26 2.774071281803328720e-20
7.963766684079859577e-26 2.837104455587178992e-20
8.278589653920005223e-26 2.901569755457142808e-20
8.605661184481404801e-26 2.967499699268004646e-20
8.945453175935503729e-26 3.034927542367874067e-20
9.298455661057588603e-26 3.103887294295988097e-20
9.665177505366160740e-26 3.174413735857122594e-20
1.004614713462240679e-25 3.246542436582525114e-20
1.044191329077879310e-25 3.320309772584326105e-20
1.085304581750911197e-25 3.395752944814155839e-20
1.128013647649934627e-25 3.472909997733270595e-20
1.172379979572695184e-25 3.551819838404858928e-20
1.218467395100408162e-25 3.632522256017220599e-20
1.266342168211676103e-25 3.715057941847928092e-20
1.316073124493986364e-25 3.799468509678567865e-20
1.367731740097314592e-25 3.885796516670622059e-20
1.421392244579329903e-25 3.974085484712256322e-20
1.477131727798595766e-25 4.064379922247600033e-20
1.535030251018003427e-25 4.156725346598045654e-20
1.595170962387861490e-25 4.251168306788012930e-20
1.657640216984749769e-25 4.347756406885520181e-20
1.722527701589115518e-25 4.446538329869337943e-20
1.789926564393397359e-25 4.547563862035462578e-20
1.859933549838705722e-25 4.650883917953516913e-20
1.932649138787392177e-25 4.756550565986694224e-20
2.008177694247415233e-25 4.864617054387253150e-20
2.088597220347062401e-25 4.977894665825718983e-20
2.172197244741446508e-25 5.093807522911065999e-20
2.259101631262413870e-25 5.212417035748086191e-20
2.349438978037260282e-25 5.333786051766517200e-20
2.443342794373572399e-25 5.457978889595403184e-20
2.540951684072696200e-25 5.585061373742927733e-20
2.642409535397302913e-25 5.715100870101793043e-20
2.747865717926583155e-25 5.848166322299825942e-20
2.857475286540166892e-25 5.984328288914942494e-20
2.971399192780002904e-25 6.123658981577330731e-20
3.089804503848088400e-25 6.266232303978373252e-20
3.212864629506095729e-25 6.412123891809619446e-20
3.340759557152640079e-25 6.561411153652849327e-20
3.473676095361215983e-25 6.714173312845679866e-20
3.611808126173846198e-25 6.870491450344281837e-20
3.755356866453533619e-25 7.030448548609740454e-20
3.904531138608850672e-25 7.194129536540458385e-20
4.059547651014603961e-25 7.361621335476898501e-20
4.220631288463246598e-25 7.533012906305032343e-20
4.388015412992953594e-25 7.708395297683867226e-20
4.561942175449214234e-25 7.887861695425404091e-20
4.742662838147200296e-25 8.071507473053376420e-20
4.930438109018786632e-25 8.259430243571754822e-20
5.125538487633963850e-25 8.451729912468494946e-20
5.328244623504731570e-25 8.648508731989259239e-20
5.538847687089713155e-25 8.849871356706802055e-20
5.757649753934001446e-25 9.055924900421426350e-20
5.984964202387601687e-25 9.266778994422603382e-20
6.221116125367734122e-25 9.482545847144864602e-20
6.466442756638686520e-25 9.703340305253200580e-20
6.721293912100413468e-25 9.929279916189966333e-20
6.986032446596349120e-25 1.016048499222216551e-19
7.261034726759753025e-25 1.039707867602247658e-19
7.546691120441838258e-25 1.063918700782285017e-19
7.843406503277753097e-25 1.088693899417807069e-19
8.151600782967981656e-25 1.114046667837920076e-19
8.471709441865682216e-25 1.139990521255687144e-19
8.804184098483768769e-25 1.166539293151388188e-19
9.149493088555619258e-25 1.193707142833192703e-19
9.508122066298267786e-25 1.221508563179284755e-19
9.871417827104416451e-25 1.249262047380188791e-19
1.024841276607733104e-24 1.277646891938619901e-19
1.063961425450063396e-24 1.306677444499556250e-19
1.104554801682759137e-24 1.336368377670265039e-19
1.146675877455740733e-24 1.366734696338509123e-19
1.190381091181514213e-24 1.397791745154285554e-19
1.235728916333188047e-24 1.429555216178699200e-19
1.282779932553552804e-24 1.462041156703338233e-19
1.331596899148834229e-24 1.495265977244422452e-19
1.382244831043374414e-24 1.529246459715225559e-19
1.434791077272215371e-24 1.563999765780797777e-19
1.489305402092820860e-24 1.599543445399149783e-19
1.545860068797573993e-24 1.635895445552718033e-19
1.604529926312673811e-24 1.673074119174514172e-19
1.665392498670607695e-24 1.711098234273419675e-19
1.728528077446135229e-24 1.749986983262425375e-19
1.794019817248194610e-24 1.789759992494927504e-19
1.861953834363403647e-24 1.830437332013443220e-19
1.932419308648448245e-24 1.872039525515008899e-19
2.005508588772792158e-24 1.914587560538923192e-19
2.081317300914414245e-24 1.958102898880597616e-19
2.159944461016052745e-24 2.002607487237714517e-19
2.241492590710818696e-24 2.048123768092592622e-19
2.326067837029722943e-24 2.094674690836820140e-19
2.413780096007491738e-24 2.142283723143216271e-19
2.504743140305421971e-24 2.190974862590370235e-19
2.599074750972478669e-24 2.240772648545422473e-19
2.696896853472734260e-24 2.291702174311081514e-19
2.798335658105186117e-24 2.343789099541811451e-19
2.903521804951879185e-24 2.397059662936345591e-19
3.012590513487854808e-24 2.451540695211371677e-19
3.125681736994688152e-24 2.507259632363088739e-19
3.242940321920867691e-24 2.564244529223263679e-19
3.364516172337152922e-24 2.622524073315698251e-19
3.490564419637293861e-24 2.682127599019688804e-19
3.621245597642261878e-24 2.743085102047768895e-19
3.756725823265344266e-24 2.805427254243879943e-19
3.897176982903966636e-24 2.869185418709464679e-19
4.042776924726648870e-24 2.934391665264782664e-19
4.193709657026615426e-24 3.001078786251770228e-19
4.350165552821991428e-24 3.069280312687601651e-19
4.516456623525006955e-24 3.140780977387867999e-19
4.689015019522828323e-24 3.213947621832478345e-19
4.868071673455329163e-24 3.288819030132055427e-19
5.053865752101367750e-24 3.365434887550941129e-19
5.246644936583034320e-24 3.443835801382734898e-19
5.446665711480097087e-24 3.524063322306842778e-19
5.654193663113641410e-24 3.606159966238301897e-19
5.869503787257330875e-24 3.690169236680743060e-19
6.092880806546784037e-24 3.776135647596089994e-19
6.324619497857863248e-24 3.864104746799573785e-19
6.565025029937510592e-24 3.954123139896647199e-19
6.814413311570409662e-24 4.046238514769472730e-19
7.073111350577685242e-24 4.140499666628938800e-19
7.341457623945960797e-24 4.236956523644187235e-19
7.619802459391963706e-24 4.335660173161953417e-19
7.908508428679795001e-24 4.436662888530661917e-19
8.207950753006037184e-24 4.540018156542396570e-19
8.518517720783490083e-24 4.645780705506512494e-19
8.840611118155251926e-24 4.754006533970708683e-19
9.174646672581069013e-24 4.864752940102619942e-19
9.521054509843823906e-24 4.978078551748783901e-19
9.880279624830165204e-24 5.094043357185065991e-19
1.025278236644935301e-23 5.212708736574978269e-19
1.063903893705853635e-23 5.334137494152599526e-19
1.103954190677185646e-23 5.458393891145529172e-19
1.145480074303784053e-23 5.585543679456054691e-19
1.188534235587468430e-23 5.715654136116763464e-19
1.233171165916551906e-23 5.848794098538996385e-19
1.279447214841659758e-23 5.985034000572092956e-19
1.327420649539387141e-23 6.124445909392092989e-19
1.377151716005880583e-23 6.267103563238745943e-19
1.428702702023066423e-23 6.413082410019256134e-19
1.482138001941351277e-23 6.562459646801429139e-19
1.537524183322719818e-23 6.715314260212713054e-19
1.594930055489773941e-23 6.871727067768816794e-19
1.654426740025977368e-23 7.031780760152013129e-19
1.716087743274074892e-23 7.195559944460272179e-19
1.779989030879580275e-23 7.363151188450794912e-19
1.846209104427269746e-23 7.534643065798930620e-19
1.914829080219750350e-23 7.710126202397776404e-19
1.984187425612562248e-23 7.885289891785157656e-19
2.056009559144931465e-23 8.064428632566327886e-19
2.130380734871278753e-23 8.247632753264541512e-19
2.207389056155806835e-23 8.434994642825458771e-19
2.287125566592167738e-23 8.626608797906180170e-19
2.369684343645955023e-23 8.822571871259022842e-19
2.455162595094627478e-23 9.022982721235069173e-19
2.543660758340232269e-23 9.227942462434338999e-19
2.635282602673642187e-23 9.437554517529223884e-19
2.730135334568924914e-23 9.651924670287330867e-19
2.828329706090571224e-23 9.871161119824235656e-19
2.929980126495836121e-23 1.009537453611226571e-18
3.035204777118345228e-23 1.032467811677768037e-18
3.144125729619725524e-23 1.055918764521385436e-18
3.256869067697989396e-23 1.079902155004169542e-18
3.373565012345169897e-23 1.104430096595187060e-18
3.494348050745305666e-23 1.129514979595515489e-18
3.619357068910195194e-23 1.155169477508127569e-18
3.748735488148585694e-23 1.181406553555490323e-18
3.882631405468419716e-23 1.208239467348445691e-18
4.021197738014138334e-23 1.235681781710148947e-18
4.164592371642467363e-23 1.263747369658434693e-18
4.312978313742522816e-23 1.292450421550531810e-18
4.466523850407558845e-23 1.321805452393750428e-18
4.625402708070011295e-23 1.351827309326296306e-18
4.789794219711287863e-23 1.382531179271893843e-18
4.959883495761240576e-23 1.413932596772609796e-18
5.135861599805323176e-23 1.446047452003877678e-18
5.317925729217269079e-23 1.478891998976055983e-18
5.506279400841487946e-23 1.512482863927039045e-18
5.701132641846756364e-23 1.546837053910049341e-18
5.902702185879660066e-23 1.581971965581745381e-18
6.111211674646566053e-23 1.617905394194923455e-18
6.326891865055188688e-23 1.654655542800738397e-18
6.549980842049806094e-23 1.692241031665691550e-18
6.780724237277062543e-23 1.730680907907831343e-18
7.019375453720110654e-23 1.769994655357978370e-18
7.266195896445047981e-23 1.810202204650952152e-18
7.521455209600267668e-23 1.851323943552086252e-18
7.785431519818702150e-23 1.893380727525194145e-18
8.058411686169281907e-23 1.936393890546724023e-18
8.341271448223799787e-23 1.980393156393833256e-18
8.634818228614267271e-23 2.025392975713251848e-18
8.939398490777006322e-23 2.071416081553113974e-18
9.255365167419075204e-23 2.118485722162115891e-18
9.583077366457549125e-23 2.166625672616333434e-18
9.922900035489950979e-23 2.215860246706722622e-18
1.027520358236071804e-22 2.266214309093276418e-18
1.064036344934581545e-22 2.317713287731683638e-18
1.101875963845905676e-22 2.370383186578623695e-18
1.141077618536237788e-22 2.424250598581865175e-18
1.181680057936366480e-22 2.479342718961559230e-18
1.223722312699548391e-22 2.535687358789144629e-18
1.267243625668870900e-22 2.593312958870154912e-18
1.312283376210039411e-22 2.652248603938521608e-18
1.358880998171391995e-22 2.712524037168568454e-18
1.407075891238949040e-22 2.774169675011634208e-18
1.456907325466846220e-22 2.837216622365323582e-18
1.508414338772361353e-22 2.901696688082331991e-18
1.561635627200005319e-22 2.967642400825595641e-18
1.616609427776398256e-22 3.035087025279328820e-18
1.673373393795035732e-22 3.104064578721849440e-18
1.731964462392850381e-22 3.174609847969347161e-18
1.792418714305463197e-22 3.246758406698810498e-18
1.854771225714145403e-22 3.320546633158040811e-18
1.919055912129729570e-22 3.396011728271510377e-18
1.985305364291681481e-22 3.473191734151000867e-18
2.053550676097799425e-22 3.552125553019910387e-18
2.123821264621113478e-22 3.632852966560259383e-18
2.196144682313239502e-22 3.715414655691958048e-18
2.270546421542537139e-22 3.799852220793750704e-18
2.347049711664454469e-22 3.886208202375583912e-18
2.425675308877475209e-22 3.974526102212656199e-18
2.506441279174610358e-22 4.064850404950889982e-18
2.589362774761776239e-22 4.157226600195000707e-18
2.674451804379432065e-22 4.251701205088780524e-18
2.761716998030451779e-22 4.348321787399450991e-18
2.851163366688196326e-22 4.447136989116893106e-18
2.942792057631654777e-22 4.548196550578655460e-18
3.036600106130570645e-22 4.651551335133460859e-18
3.132580184280372902e-22 4.757253354353452776e-18
3.230720347867948017e-22 4.865355793809200826e-18
3.332360855322918244e-22 4.978639906687546682e-18
3.434334957767266144e-22 5.094557082466415890e-18
3.537185835644945973e-22 5.213169883670481907e-18
3.641533720320458366e-22 5.334542424686442172e-18
3.748078323226837173e-22 5.458740412437280336e-18
3.857602498403444281e-22 5.585831188185645751e-18
3.970977415116939680e-22 5.715883770500557046e-18
4.089169541895164339e-22 5.848968899419853978e-18
4.213249777772706046e-22 5.985159081845552591e-18
4.344405113462460380e-22 6.124528638206157987e-18
4.482437894745188802e-22 6.267200576073449916e-18
4.626329751572974390e-22 6.413200266022923782e-18
4.776275910496914207e-22 6.562605182796807153e-18
4.932475375005220068e-22 6.715494595916942457e-18
5.095130607994487515e-22 6.871949610921127246e-18
5.264447172144962311e-22 7.032053211535380910e-18
5.440633325323761929e-22 7.195890302804739801e-18
5.623899568110235642e-22 7.363547755200883242e-18
5.814458140519945762e-22 7.535114449731674531e-18
6.012522465011659404e-22 7.710681324072788327e-18
6.218306532880658107e-22 7.890341419744450869e-18
6.432024231201652946e-22 8.074189930358652107e-18
6.653888607548569736e-22 8.262324250956985772e-18
6.884111069840194684e-22 8.454844028467186654e-18
7.122900518788340801e-22 8.651851213300621136e-18
7.370462410610855787e-22 8.853450112117888132e-18
7.626997747880975570e-22 9.059747441786980501e-18
7.892701996646474800e-22 9.270852384561506133e-18
8.167763928251329597e-22 9.486876644506150511e-18
8.452364384647731205e-22 9.707934505196399233e-18
8.746674966381896722e-22 9.934142888721218396e-18
9.050856642896782698e-22 1.016562141601764034e-17
9.365058285303312169e-22 1.040249246856693409e-17
9.689415122338515201e-22 1.064488125148205064e-17
1.002404712085540773e-21 1.089291585801713182e-17
1.036905729288086679e-21 1.114672733553195434e-17
1.072452993201921972e-21 1.140644975294098709e-17
1.109052878279218037e-21 1.167222026968268657e-17
1.146709514737361705e-21 1.194417920624088688e-17
1.185424593510335050e-21 1.222247011625208685e-17
1.225297846271111692e-21 1.250715879414361673e-17
1.266480141238653632e-21 1.279848320303853967e-17
1.309013679304992283e-21 1.309659752401673214e-17
1.352942007757287788e-21 1.340165949519245886e-17
1.398310063175793620e-21 1.371383049285349481e-17
1.445164215709427951e-21 1.403327561442070238e-17
1.493552314774098315e-21 1.436016376326846982e-17
1.543523736220069958e-21 1.469466773544746769e-17
1.595129431016498859e-21 1.503696430835207998e-17
1.648421975502805240e-21 1.538723433137325947e-17
1.703455623258001832e-21 1.574566281858140409e-17
1.760286358640906293e-21 1.611243904348333360e-17
1.818971952056587585e-21 1.648775663590075347e-17
1.879572017005070744e-21 1.687181368101319909e-17
1.942148068970682605e-21 1.726481282061326955e-17
2.006763586213440688e-21 1.766696135662795668e-17
2.073484072524111215e-21 1.807847135694610742e-17
2.142377122007746452e-21 1.849955976361105437e-17
2.213512485962938145e-21 1.893044850342391905e-17
2.286962141925359174e-21 1.937136460101412387e-17
2.362800364947297840e-21 1.982254029442952889e-17
2.441103801186496511e-21 2.028421315329642471e-17
2.521951543881618445e-21 2.075662619961643164e-17
2.605425211791883676e-21 2.124002803124445050e-17
2.691609030183687824e-21 2.173467294811554714e-17
2.780589914447367128e-21 2.224082108127467823e-17
2.872457556432435031e-21 2.275873852477401589e-17
2.967304513590614744e-21 2.328869747049795379e-17
3.065226301020098303e-21 2.383097634597778528e-17
3.166321486507572771e-21 2.438585995526360876e-17
3.267349983109802872e-21 2.493559204838667189e-17
3.371522380239339654e-21 2.549767826552910878e-17
3.478935655089416909e-21 2.607239827729363795e-17
3.589689808539783644e-21 2.666003819695350458e-17
3.703887962230096987e-21 2.726089073276699513e-17
3.821636458882049714e-21 2.787525534399844580e-17
3.943044965984225617e-21 2.850343840075437644e-17
4.068226582958672474e-21 2.914575334772693573e-17
4.197297951930890693e-21 2.980252087194218363e-17
4.330379372230036048e-21 3.047406907461358749e-17
4.467594918752109065e-21 3.116073364720807239e-17
4.609072564320851356e-21 3.186285805182951333e-17
4.754944306190100021e-21 3.258079370603145961e-17
4.905346296832992018e-21 3.331490017216834233e-17
5.060418979169647130e-21 3.406554535139963624e-17
5.220307226394332747e-21 3.483310568247732894e-17
5.385160486562233483e-21 3.561796634541749299e-17
5.555132932108100075e-21 3.642052147020336696e-17
5.730383614472586355e-21 3.724117435062919028e-17
5.911076624019501735e-21 3.808033766343164952e-17
6.097381255432747389e-21 3.893843369283254680e-17
6.289472178790652430e-21 3.981589456063734781e-17
6.487529616523155629e-21 4.071316246203231315e-17
6.691739526460926990e-21 4.163068990722141273e-17
6.902293791200168067e-21 4.256893996906067862e-17
7.119390414008081028e-21 4.352838653683637906e-17
7.343233721508732814e-21 4.450951457634842840e-17
7.574034573394363426e-21 4.551282039646460719e-17
7.812010579416610088e-21 4.653881192230785153e-17
8.057386323924867066e-21 4.758800897524582213e-17
8.310393598225415163e-21 4.866094355986982418e-17
8.579865913809214541e-21 4.979430759589514451e-17
8.857919200928044416e-21 5.095415350675458451e-17
9.144824802824111342e-21 5.214109662241113352e-17
9.440862692967885482e-21 5.335576636503372859e-17
9.746321754615546863e-21 5.459880656385882045e-17
1.006150006968275212e-20 5.587087577681960803e-17
1.038670521725170271e-20 5.717264761909251077e-17
1.072225458204906840e-20 5.850481109868376840e-17
1.106847567323674804e-20 5.986807095922338221e-17
1.142570645387167131e-20 6.126314803008716106e-17
1.179429568140734209e-20 6.269077958401300772e-17
1.217460325961623059e-20 6.415171970234592159e-17
1.256700060233560139e-20 6.564673964809189843e-17
1.297187100943986103e-20 6.717662824689689944e-17
1.338961005547379593e-20 6.874219227614981800e-17
1.382062599138326099e-20 7.034425686235092145e-17
1.426534015980203613e-20 7.198366588691020845e-17
1.472418742436813300e-20 7.366128240055072271e-17
1.519761661356139997e-20 7.537798904648789495e-17
1.568609097957483374e-20 7.713468849255237353e-17
1.619008867273840890e-20 7.893230387243898972e-17
1.671010323205184881e-20 8.077177923625858698e-17
1.724664409238809577e-20 8.265408001058408714e-17
1.780023710895682072e-20 8.458019346817213272e-17
1.837142509963399682e-20 8.655112920753606126e-17
1.896076840579426400e-20 8.856791964260122463e-17
1.956884547229469883e-20 9.063162050259759037e-17
2.019625344729482627e-20 9.274331134242312821e-17
2.084360880260949108e-20 9.490409606365098846e-17
2.151154797533017091e-20 9.711510344642060670e-17
2.220266606619944909e-20 9.937786440946098395e-17
2.291930785922316018e-20 1.016931744849507325e-16
2.366209888532246494e-20 1.040622660870695019e-16
2.443165659484375586e-20 1.064864011882709073e-16
2.522858760435526423e-20 1.089668720514337900e-16
2.605348474052484148e-20 1.115050019808517959e-16
2.690692387590345655e-20 1.141021460925689553e-16
2.778946055226449193e-20 1.167596921045679201e-16
2.870162638809686360e-20 1.194790611473673397e-16
2.964392526794616940e-20 1.222617085955654911e-16
3.061682931249945928e-20 1.251091249208720353e-16
3.162077462972220359e-20 1.280228365672573388e-16
3.265615684883902565e-20 1.310044068487588665e-16
3.372332644067619550e-20 1.340554368706048726e-16
3.482258382969049731e-20 1.371775664742428946e-16
3.595417430505257895e-20 1.403724752069574112e-16
3.711828274028923586e-20 1.436418833167286092e-16
3.831502813335022954e-20 1.469875527729906855e-16
3.954445798143658210e-20 1.504112883140484229e-16
4.080654250757520125e-20 1.539149385218210893e-16
4.210116875872672571e-20 1.575003969246932800e-16
4.342813459811233649e-20 1.611696031292116410e-16
4.478714261752439006e-20 1.649245439814584417e-16
4.617779399849912168e-20 1.687672547588389649e-16
4.759958235451270966e-20 1.726998203931930590e-16
4.905188758962265073e-20 1.767243767260372663e-16
5.053396981234957888e-20 1.808431117968262290e-16
5.204496334693349440e-20 1.850582671651571763e-16
5.358387088741112559e-20 1.893721392678249314e-16
5.514955784326238830e-20 1.937870808117070295e-16
5.672288626129895061e-20 1.983026907738696850e-16
5.829365609072121299e-20 2.029250399973451445e-16
5.987141432305006529e-20 2.076562572397219651e-16
6.146693428592085861e-20 2.124984933342160952e-16
6.309224242575446620e-20 2.174539203631858145e-16
6.476066679508891076e-20 2.225247307675344956e-16
6.648691170926768786e-20 2.277131363898412087e-16
6.828716338956885838e-20 2.330213674490859195e-16
7.017923193357884620e-20 2.384516714447575343e-16
7.218273569105960412e-20 2.440063119881725181e-16
7.419716400448942113e-20 2.494230769607653583e-16
7.629991150868568064e-20 2.549587464940704425e-16
7.849270750164764922e-20 2.606160251482212532e-16
8.077722306536391257e-20 2.663976838502425006e-16
8.315505381234251115e-20 2.723065616723922281e-16
8.562770145602204983e-20 2.783455676620447367e-16
8.819655417508327508e-20 2.845176827246990512e-16
9.086286575131862944e-20 2.908259615617922654e-16
9.362773347170989869e-20 2.972735346649184141e-16
9.649207479787331960e-20 3.038636103684104299e-16
9.945660281987128460e-20 3.105994769619149727e-16
1.025218005271101226e-19 3.174845048649358814e-16
1.056878939460856890e-19 3.245221488652827062e-16
1.089548242137188248e-19 3.317159504234540592e-16
1.123222186754230885e-19 3.390695400449508124e-16
1.157893611192463190e-19 3.465866397227713919e-16
1.193551612811576628e-19 3.542710654522426580e-16
1.230181237816808891e-19 3.621267298205095183e-16
1.267763166807094706e-19 3.701576446730200773e-16
1.306273398649824250e-19 3.783679238595137159e-16
1.345682935114543404e-19 3.867617860620088959e-16
1.388137023320726748e-19 3.957691082888801660e-16
1.431918774841913185e-19 4.049870247195808953e-16
1.477070141214565708e-19 4.144204059205366438e-16
1.523634438859818405e-19 4.240742321811648883e-16
1.571656395440309778e-19 4.339535958746538423e-16
1.621182197870886973e-19 4.440637038656528121e-16
1.672259542045626072e-19 4.544098799659303242e-16
1.724937684345344285e-19 4.649975674387142904e-16
1.779267494992844520e-19 4.758323315525769260e-16
1.835301513325475928e-19 4.869198621857157022e-16
1.893094005057370272e-19 4.982659764815207593e-16
1.952701021607036416e-19 5.098766215562498364e-16
2.014180461567993642e-19 5.217578772597174150e-16
2.077592134404554846e-19 5.339159589899426389e-16
2.142997826456991850e-19 5.463572205625537459e-16
2.210461369344226868e-19 5.590881571359598374e-16
2.280048710855797328e-19 5.721154081931948108e-16
2.351827988428026993e-19 5.854457605813040592e-16
2.425869605303952541e-19 5.990861516093320006e-16
2.502246309479411614e-19 6.130436722057567831e-16
2.582578860677111920e-19 6.273211427434160454e-16
2.668014032711777664e-19 6.419299586574665840e-16
2.757763638711254096e-19 6.568782407623551373e-16
2.850912036627972683e-19 6.721743291270669774e-16
2.946401112301332864e-19 6.878267896103882675e-16
3.043018751665786305e-19 7.038444206075518831e-16
3.139391837535164098e-19 7.202362600156067527e-16
3.233984910786769873e-19 7.370115924251211535e-16
3.325105680171239858e-19 7.541799565461793730e-16
3.410918530075029953e-19 7.717511528767352741e-16
3.483285247531348450e-19 7.880933339739862507e-16
3.550924439814044335e-19 8.047847715347128801e-16
3.614917377803956989e-19 8.218323143732540163e-16
3.676459036571062157e-19 8.392429172922641036e-16
3.736847338276848442e-19 8.570236415938153677e-16
3.797476601716637557e-19 8.751816555438695525e-16
3.859835897166709747e-19 8.937242347876428669e-16
3.925512963812099553e-19 9.126587627134582170e-16
3.996204360582681172e-19 9.319927307628057028e-16
4.073732600197485233e-19 9.517337386839166316e-16
4.160071172120960230e-19 9.718894947264088324e-16
4.257048579935790683e-19 9.924681206613400371e-16
4.364676317175252601e-19 1.013480938440917870e-15
4.482279904867583530e-19 1.034937168667061065e-15
4.609112463430524895e-19 1.056846230970633483e-15
4.744330576066929093e-19 1.079217748414420763e-15
4.886971313076779733e-19 1.102061551996361735e-15
5.035930785615315657e-19 1.125387685255776270e-15
5.189944762494775515e-19 1.149206408984618718e-15
5.347572041431508176e-19 1.173528206046441038e-15
5.507181410691107913e-19 1.198363786305629801e-15
5.666943160072987150e-19 1.223724091669484228e-15
5.844726682477847974e-19 1.252231833142530858e-15
6.028084321117343164e-19 1.281400917591973203e-15
6.217189412995416475e-19 1.311246956316295982e-15
6.412220598444476932e-19 1.341785943121453772e-15
6.613361979274482441e-19 1.373034264173357755e-15
6.820803281462739309e-19 1.405008708118207772e-15
7.034740022507037805e-19 1.437726476478239979e-15
7.255373683571217857e-19 1.471205194331238410e-15
7.482911886549989315e-19 1.505462921281367948e-15
7.717568576187160311e-19 1.540518162730251508e-15
7.959564207384093706e-19 1.576389881456606009e-15
8.209125937834716661e-19 1.613097509513473169e-15
8.466487826135251837e-19 1.650660960452352870e-15
8.731891035508706545e-19 1.689100641883436036e-15
9.005584043300042157e-19 1.728437468381921644e-15
9.287822856389867786e-19 1.768692874750270724e-15
9.578871232689719031e-19 1.809888829647047582e-15
9.879000908874899959e-19 1.852047849592602037e-15
1.018849183452302008e-18 1.895193013363015592e-15
1.050763241282650636e-18 1.939347976783501126e-15
1.082093327115384972e-18 1.982377072894498900e-15
1.114352464765714194e-18 2.026365083550595811e-15
1.147568375807134124e-18 2.071333060616986964e-15
1.181769623870288534e-18 2.117302501936895559e-15
1.216985640933864621e-18 2.164295360191117067e-15
1.253246754464618096e-18 2.212334051914607482e-15
1.290584215435106755e-18 2.261441466672075150e-15
1.329030227248536666e-18 2.311640976394705342e-15
1.368617975601129486e-18 2.362956444880758045e-15
1.409381659313771029e-18 2.415412237461526000e-15
1.451356522165326363e-18 2.469033230835531513e-15
1.494578885761770118e-18 2.523844823072759881e-15
1.539086183475607470e-18 2.579872943791313349e-15
1.584916995492402488e-18 2.637144064509009177e-15
1.632111085001353923e-18 2.695685209171659271e-15
1.680709435569007899e-18 2.755523964860688675e-15
1.730754289736386214e-18 2.816688492682508785e-15
1.782289188880643638e-18 2.879207538841114173e-15
1.835359014384845731e-18 2.943110445897423678e-15
1.890010030160185502e-18 3.008427164216552628e-15
1.946289926566763409e-18 3.075188263605828075e-15
2.004481298210392119e-18 3.143417483418536787e-15
2.064858811369923884e-18 3.213154337729979545e-15
2.127437847933348548e-18 3.284432779709654910e-15
2.192228688651152143e-18 3.357287558472806915e-15
2.259235879393855380e-18 3.431754238754567926e-15
2.328457571298840125e-18 3.507869221098580798e-15
2.399884836849373623e-18 3.585669762574229631e-15
2.473500964491202699e-18 3.665193998037859934e-15
2.549280734994226370e-18 3.746480961951139291e-15
2.627189683414598475e-18 3.829570610775120046e-15
2.707183351188870247e-18 3.914503845952737395e-15
2.789206533610185060e-18 4.001322537498098097e-15
2.873192528674401007e-18 4.090069548209208338e-15
2.959062394044861384e-18 4.180788758520764384e-15
3.046724219656366518e-18 4.273525092015892964e-15
3.136072424250757240e-18 4.368324541614346969e-15
3.226987084898402808e-18 4.465234196456878790e-15
3.319333309297787233e-18 4.564302269504823352e-15
3.412960661344105750e-18 4.665578125875295524e-15
3.507702651101224018e-18 4.769112311932480726e-15
3.603376300882401281e-18 4.874956585156502570e-15
3.703570853621287303e-18 4.988591487953827932e-15
3.802949734009260957e-18 5.104914792110917119e-15
3.902248620211744762e-18 5.223978217106053181e-15
4.002296368982458769e-18 5.345833857896873585e-15
4.104016025569277426e-18 5.470534153421488748e-15
4.208427795738804529e-18 5.598131853075747937e-15
4.316654379115164600e-18 5.728679981106011228e-15
4.429929091488461180e-18 5.862231798858647915e-15
4.549607250388443862e-18 5.998840764827655320e-15
4.677181367546715524e-18 6.138560492441978896e-15
4.813435183933464129e-18 6.281417632735250402e-15
4.957933525369944896e-18 6.427481333356234582e-15
5.110399727867908633e-18 6.576855273161115734e-15
5.270497231279531064e-18 6.729647764270736367e-15
5.437819656304698865e-18 6.885971962434101116e-15
5.611880952881949227e-18 7.045946087972899584e-15
5.792105766332493043e-18 7.209693657940613866e-15
5.977820204375563574e-18 7.377343730169511422e-15
6.168243225166947707e-18 7.549031159922004641e-15
6.362478902811333538e-18 7.724896869907374643e-15
6.543137643084398009e-18 7.888627720257215369e-15
6.728962042183987391e-18 8.056010682634978048e-15
6.920088673773970376e-18 8.227090493439985798e-15
7.116657041871617732e-18 8.401910517735039128e-15
7.318809608242888799e-18 8.580512612111277936e-15
7.526691818095771377e-18 8.762936982431614940e-15
7.740452123940201792e-18 8.949222036448524862e-15
7.960242007486656427e-18 9.139404231316494657e-15
8.186215999444170746e-18 9.333517916024401986e-15
8.418531697077569646e-18 9.531595168799247789e-15
8.657349779377641691e-18 9.733665629544127790e-15
8.902822257518152997e-18 9.939773951199882160e-15
9.155154903179558193e-18 1.015004903551779992e-14
9.414554805605383971e-18 1.036461341491779082e-14
9.681236237965107384e-18 1.058359466407641074e-14
9.955420938536373228e-18 1.080712560831673664e-14
1.023733840387113948e-17 1.103534454152014752e-14
1.052722619450055731e-17 1.126839545408535037e-14
1.082533025375403956e-17 1.150642827148586745e-14
1.113190524030894643e-17 1.174959910401313582e-14
1.144721487510544668e-17 1.199807050832439597e-14
1.177153230330263434e-17 1.225201176144869153e-14
1.210772582859623503e-17 1.251161502910893395e-14
1.245775277394015472e-17 1.277690670313458790e-14
1.282062734080679142e-17 1.304797580309399474e-14
1.319520592915013630e-17 1.332491098115486518e-14
1.358017239941090375e-17 1.360780041113895411e-14
1.397402441674273348e-17 1.389673167250119177e-14
1.437506125289952982e-17 1.419179162914125382e-14
1.478137346648464087e-17 1.449306630296867619e-14
1.519083492242271364e-17 1.480064074214247887e-14
1.560109764437559397e-17 1.511459888391543864e-14
1.600959001683405154e-17 1.543502341202332081e-14
1.645206808867038693e-17 1.579477906208228910e-14
1.688781105640708266e-17 1.616273361291013548e-14
1.732051463389815880e-17 1.653911298722255813e-14
1.775435017896321116e-17 1.692415111328325575e-14
1.819396363373559748e-17 1.731809024053977542e-14
1.864448562446363847e-17 1.772118126867583970e-14
1.911155503264787569e-17 1.813368409073018396e-14
1.960135848380834390e-17 1.855586795095126162e-14
2.012068845245511113e-17 1.898801181809939224e-14
2.067702308147492379e-17 1.943040477494376948e-14
2.127404736791094538e-17 1.988322283556568344e-14
2.190945322569556578e-17 2.034677134720998401e-14
2.258174772973485358e-17 2.082126095970480831e-14
2.328913960368046212e-17 2.130690418694459657e-14
2.402948727017051734e-17 2.180391530127896556e-14
2.480024764211990099e-17 2.231251022053030476e-14
2.559842649560596257e-17 2.283290638740880448e-14
2.642053148080061523e-17 2.336532264108787263e-14
2.726252904276564193e-17 2.390997908070955813e-14
2.811980673192420433e-17 2.446709692059009723e-14
2.892373101602725457e-17 2.498566784658140025e-14
2.976120756076267085e-17 2.551502789985987973e-14
3.062964266065014976e-17 2.605544012618061672e-14
3.152603497357086386e-17 2.660717560530618156e-14
3.244693747708024928e-17 2.717051372697546936e-14
3.338842258821461651e-17 2.774574247710639020e-14
3.434605149325679921e-17 2.833315873465264020e-14
3.531484885727618063e-17 2.893306857955523003e-14
3.628928419040924724e-17 2.954578761224952568e-14
3.726326123214432944e-17 3.017164128520677888e-14
3.823011676884344222e-17 3.081096524701472775e-14
3.917921830244490686e-17 3.146330599986930508e-14
4.011098759372143426e-17 3.212958342494600042e-14
4.103239753434722975e-17 3.281008105369303406e-14
4.195124813961517634e-17 3.350508752011670876e-14
4.287615555936530765e-17 3.421489662779257519e-14
4.381655731829299013e-17 3.493980741686609596e-14
4.478273696512329476e-17 3.568012423099092021e-14
4.578587140961965449e-17 3.643615678417228670e-14
4.683810445730149115e-17 3.720822022747401703e-14
4.795265044513459089e-17 3.799663521553397970e-14
4.914393247218565467e-17 3.880172797285582703e-14
5.041878600732335251e-17 3.962382417011650870e-14
5.177227892021159065e-17 4.046340207270539529e-14
5.320156121754746080e-17 4.132082027578650925e-14
5.470329000217805673e-17 4.219644413668226466e-14
5.627354432340480209e-17 4.309064588138236804e-14
5.790774101789259373e-17 4.400380471201227056e-14
5.960055260305040013e-17 4.493630691528256569e-14
6.134582856653222811e-17 4.588854597187593223e-14
6.313652167885125104e-17 4.686092266676464924e-14
6.496462123417872224e-17 4.785384520044122690e-14
6.682109538870058034e-17 4.886772930103610836e-14
6.890644245452471446e-17 5.000720726446201896e-14
7.105749674203386765e-17 5.117323518003245623e-14
7.327615921888566517e-17 5.236642247783117741e-14
7.556437433570722332e-17 5.358739215586831068e-14
7.792413034614891161e-17 5.483678106705142433e-14
8.035745958629627229e-17 5.611524021173867019e-14
8.286643871046037235e-17 5.742343503596572414e-14
8.545318888022839345e-17 5.876204573544065650e-14
8.811987590358073162e-17 6.013176756539558982e-14
9.086871032076580379e-17 6.153331115640470743e-14
9.370187214148201577e-17 6.296708614438611051e-14
9.662216561431740317e-17 6.443374131380105353e-14
9.963251810471347450e-17 6.593421207481000383e-14
1.027359714747697848e-16 6.746946832359135840e-14
1.059356871500720770e-16 6.904051584285033462e-14
1.092349514306150640e-16 7.064839776389564006e-14
1.126371810585955299e-16 7.229419609337055092e-14
1.161459290565710125e-16 7.397903330784335802e-14
1.197648908502655469e-16 7.570407401967163546e-14
1.234979106910597956e-16 7.747052671771892038e-14
1.270288782862007137e-16 7.911466254443136612e-14
1.307161323583411542e-16 8.079526483542337696e-14
1.345461730636018326e-16 8.251278933617392322e-14
1.385034219770297238e-16 8.426767909584114584e-14
1.425700204165147505e-16 8.606036316883719127e-14
1.467256473943784171e-16 8.789125526752074382e-14
1.509473634137772012e-16 8.976075236596896117e-14
1.552094870636731499e-16 9.166923325484816223e-14
1.594835119854447805e-16 9.361705704764403306e-14
1.637380722396819668e-16 9.560456163857892397e-14
1.679389643427827358e-16 9.763206211275065613e-14
1.720794422252799830e-16 9.969967876319272360e-14
1.761858624369596252e-16 1.018084558105822512e-13
1.802722590266894681e-16 1.039597688599847909e-13
1.843545038207465799e-16 1.061550582385790332e-13
1.884503025299330117e-16 1.083958318167576998e-13
1.925792058095667642e-16 1.106836679722099297e-13
1.967626388759835119e-16 1.130202187059981663e-13
2.010239533618409558e-16 1.154072129201919148e-13
2.053885052306078007e-16 1.178464598672499102e-13
2.098837627847198033e-16 1.203398527819686051e-13
2.145394491106715269e-16 1.228893727074971416e-13
2.192339327400310184e-16 1.254369232384832020e-13
2.240343292927747335e-16 1.280416827012476556e-13
2.289239275925456739e-16 1.307021038586616100e-13
2.338844037063608182e-16 1.334164313921032939e-13
2.388957535809152795e-16 1.361826901706680643e-13
2.440768582297658438e-16 1.391256019207408659e-13
2.491977592984522861e-16 1.421279794049081792e-13
2.543847468910831849e-16 1.451927486435485061e-13
2.597750625739366336e-16 1.483230109266600055e-13
2.655176265042379450e-16 1.515220513264395638e-13
2.717745690021239313e-16 1.547933477942674416e-13
2.792593137048569921e-16 1.584024189155045016e-13
2.875013075102389698e-16 1.620974900623168268e-13
2.964294668901981095e-16 1.658803156201003296e-13
3.059626381187399590e-16 1.697526703415296878e-13
3.160072015820618694e-16 1.737163487883112694e-13
3.264549109977455665e-16 1.777731647239253032e-13
3.371810507733197997e-16 1.819249504556143037e-13
3.480430168262862421e-16 1.861735561238415386e-13
3.588794448561569600e-16 1.905208489373954406e-13
3.695100234684956355e-16 1.949687123523455497e-13
3.799697198171464702e-16 1.995190667315922501e-13
3.904492308073902172e-16 2.041759947204779952e-13
4.009849935880692873e-16 2.089418294367969370e-13
4.116184007032980569e-16 2.138189470437112353e-13
4.223959075478858960e-16 2.188097672113444208e-13
4.333691875888656028e-16 2.239167535692339177e-13
4.445953461927090913e-16 2.291424141489171511e-13
4.561372045525856682e-16 2.344893018158835305e-13
4.680636660896793916e-16 2.399600146900575833e-13
4.804501788667822926e-16 2.455571965539688144e-13
4.929467810860904229e-16 2.508786673483152660e-13
5.067838970206757994e-16 2.563222876492701741e-13
5.217082924081331667e-16 2.618884777875694686e-13
5.374349418446114370e-16 2.675775127085906104e-13
5.536411344279905995e-16 2.733895116611026251e-13
5.699623352637087754e-16 2.793244276372850382e-13
5.859902448264870242e-16 2.853820365819635699e-13
6.012735533208317196e-16 2.915619263916237645e-13
6.153218963485610324e-16 2.978634857263879960e-13
6.276134680388456636e-16 3.042858926610044667e-13
6.376066258960119187e-16 3.108281032037667036e-13
6.447556190584786817e-16 3.174888397152690750e-13
6.485218042678549450e-16 3.233750331320942772e-13
6.517715476534320220e-16 3.293789699824146644e-13
6.565797296994292641e-16 3.368601821662049608e-13
6.617314482699029430e-16 3.445668216665587635e-13
6.671518474015584090e-16 3.524892752641055127e-13
6.727637913404564298e-16 3.606166206782079892e-13
6.784875882557333297e-16 3.689365301193166102e-13
6.842408061499564670e-16 3.774351769478496389e-13
6.899381864483841767e-16 3.860971465687069539e-13
6.952659562387431457e-16 3.944411409724477001e-13
7.005966221344969799e-16 4.029565820127200259e-13
7.059464563940968929e-16 4.116482295650485480e-13
7.113322378971696295e-16 4.205210274440427935e-13
7.167712587229997364e-16 4.295801108208620675e-13
7.222813348398797060e-16 4.388308139640825461e-13
7.278808211233158970e-16 4.482786783205269161e-13
7.335886309301568435e-16 4.579294609537988411e-13
7.394242604672985352e-16 4.677891433589594323e-13
7.454078182087411506e-16 4.778639406730791646e-13
7.515600596334335127e-16 4.881603113022707364e-13
7.576857781324681094e-16 4.983732803896840001e-13
7.639430827046351356e-16 5.088004285349604431e-13
7.703397986531007115e-16 5.194460240906952569e-13
7.768839977458855620e-16 5.303144106976466634e-13
7.835840101429005479e-16 5.414100082633716624e-13
7.904484371577041231e-16 5.527373139415225533e-13
7.974861648982658036e-16 5.643009031111686001e-13
8.047063788347617985e-16 5.761054303556550318e-13
8.121185793452793007e-16 5.881556304404519987e-13
8.202983918982308997e-16 6.013796412608536993e-13
8.287047339667940358e-16 6.148988122299205381e-13
8.373460286817910566e-16 6.287203582171952121e-13
8.462310092806081212e-16 6.428516986181626811e-13
8.553687341020385118e-16 6.573004638910988789e-13
8.647686023732425792e-16 6.720745023209538453e-13
8.744403708338697568e-16 6.871818870193098013e-13
8.843941712450357950e-16 7.026309231689871806e-13
8.946405288337176487e-16 7.184301555227506093e-13
9.055385966619813993e-16 7.351061903106125064e-13
9.167884161986888804e-16 7.521743148045759567e-13
9.283986555959292967e-16 7.696420432497076033e-13
9.403783091028149013e-16 7.875169456945161441e-13
9.527367071435610661e-16 8.058066435942839139e-13
9.654835268140771775e-16 8.245188051311514061e-13
9.786288028114141894e-16 8.436611402426199229e-13
9.921829388107895675e-16 8.632413953501992339e-13
1.006156719305739258e-15 8.832673477798692651e-13
1.020440922260525202e-15 9.038272284254962910e-13
1.034906741226890796e-15 9.248526418296632046e-13
1.049711255462780342e-15 9.463580400009168638e-13
1.065020469502522632e-15 9.683584850018524115e-13
1.081009954239320949e-15 9.908696758887738742e-13
1.097865765048124265e-15 1.013907976955498701e-12
1.115785665477125286e-15 1.037490447354979437e-12
1.134980689740891170e-15 1.061634872177409514e-12
1.155677083504274570e-15 1.086359795067788290e-12
1.177656092454623541e-15 1.111536956258589256e-12
1.200792098066391432e-15 1.137302314755940980e-12
1.225119382421336555e-15 1.163669602200025173e-12
1.250674072249644859e-15 1.190652867890726780e-12
1.277494160010163899e-15 1.218266486003335841e-12
1.305619525677666415e-15 1.246525162963395399e-12
1.335091958928779950e-15 1.275443944984149355e-12
1.365955181406397486e-15 1.305038225769966458e-12
1.398254868729258187e-15 1.335323754389024120e-12
1.432038671898202210e-15 1.366316643319266961e-12
1.467356237734328895e-15 1.398033376670728921e-12
1.504259227965572151e-15 1.430490818588402881e-12
1.542801336558436232e-15 1.463706221839091325e-12
1.583038304870424954e-15 1.497697236586307716e-12
1.625027934175650094e-15 1.532481919356903835e-12
1.668830095092713565e-15 1.568078742203805161e-12
1.714506733417541201e-15 1.604506602068440097e-12
1.762121871838940462e-15 1.641784830347485428e-12
1.811741606985819513e-15 1.679933202667798356e-12
1.863434101228283291e-15 1.718971948874116925e-12
1.917269568624933964e-15 1.758921763233737021e-12
1.973320254379839208e-15 1.799803814862747155e-12
2.031660407143456455e-15 1.841639758378312166e-12
2.092366243461554788e-15 1.884451744781824318e-12
2.155515903647134230e-15 1.928262432577510676e-12
2.221189398321620542e-15 1.973094999131208007e-12
2.289468544843465513e-15 2.018973152274722077e-12
2.360436892814952638e-15 2.065921142160060514e-12
2.434179637833377066e-15 2.113963773369375152e-12
2.510783522628956969e-15 2.163126417285393569e-12
2.590336724709956750e-15 2.213435024727597331e-12
2.672928729619052818e-15 2.264916138859930363e-12
2.758650188887689493e-15 2.317596908375125717e-12
2.847592761766544826e-15 2.371505100961512904e-12
2.939848939801257567e-15 2.426669117058045168e-12
3.035511853322577567e-15 2.483118003902908420e-12
3.134675058924213018e-15 2.540881469882496504e-12
3.237432307010615356e-15 2.599989899185896004e-12
3.343877288515841343e-15 2.660474366771378491e-12
3.454103359920266718e-15 2.722366653651505536e-12
3.568203245723764189e-15 2.785699262502626251e-12
3.686268717578816353e-15 2.850505433605468815e-12
3.808390249339483903e-15 2.916819161123684154e-12
3.934656647345449660e-15 2.984675209726696681e-12
4.065154655336832709e-15 3.054109131563800641e-12
4.199968533481802237e-15 3.125157283596761309e-12
4.339179611100866149e-15 3.197856845297510596e-12
4.482865812785232949e-15 3.272245836718484702e-12
4.631101157735834744e-15 3.348363136943020556e-12
4.783955232293088301e-15 3.426248502922853003e-12
4.941492635786641913e-15 3.505942588710968771e-12
5.103772400009604444e-15 3.587486965096880176e-12
5.270847382812519204e-15 3.670924139652603691e-12
5.442763636521110243e-15 3.756297577197393455e-12
5.619559752104849113e-15 3.843651720689079041e-12
5.801266180266043728e-15 3.933032012550638766e-12
5.987904530874360122e-15 4.024484916440072739e-12
6.179486852446801519e-15 4.118057939472617295e-12
6.376014893659367129e-15 4.213799654903771713e-12
6.577479349182115975e-15 4.311759725281798422e-12
6.783859092442348782e-15 4.411988926079339282e-12
6.995120398251803658e-15 4.514539169812674239e-12
7.211216158571313304e-15 4.619463530658490340e-12
7.432085095032525261e-15 4.726816269577420037e-12
7.657650972191798672e-15 4.836652859953902563e-12
7.887821815848790785e-15 4.949030013762536890e-12
8.122489141118747678e-15 5.064005708270526065e-12
8.361527195307687822e-15 5.181639213286812009e-12
8.604792220987251078e-15 5.301991118967788970e-12
8.852121745011137574e-15 5.425123364190270610e-12
9.103333899541849744e-15 5.551099265502689477e-12
9.358226781467511239e-15 5.679983546664632708e-12
9.616577856879017129e-15 5.811842368786553019e-12
9.878143417537781499e-15 5.946743361080461624e-12
1.014265809649387238e-14 6.084755652232792641e-12
1.040983445020795771e-14 6.225949902411532474e-12
1.067274674630389430e-14 6.367076884969443054e-12
1.093699943675492850e-14 6.511380676786593856e-12
1.120280134115500072e-14 6.658933552618305540e-12
1.147039553946335251e-14 6.809809477878612099e-12
1.174006018113384957e-14 6.964084149820910471e-12
1.201210934393622302e-14 7.121835039770139270e-12
1.228689396254265453e-14 7.283141436434092988e-12
1.256480284799718200e-14 7.448084490322033764e-12
1.284626382026312842e-14 7.616747259302644280e-12
1.313174497721859770e-14 7.789214755328239086e-12
1.342175612475278648e-14 7.965573992360541385e-12
1.371685039404130874e-14 8.145914035527800562e-12
1.401762607369182454e-14 8.330326051547268245e-12
1.432472868628569714e-14 8.518903360446664588e-12
1.463885334094074445e-14 8.711741488621974218e-12
1.496074739593085790e-14 8.908938223263949831e-12
1.529121346817471904e-14 9.110593668193553173e-12
1.563111282961102411e-14 9.316810301143758478e-12
1.598136923415523936e-14 9.527693032526303435e-12
1.634297322318457547e-14 9.743349265724157023e-12
1.671698696237934023e-14 9.963888958952132761e-12
1.710454966836753508e-14 1.018942468872692240e-11
1.750688369006558622e-14 1.042007171499157971e-11
1.792530131702088825e-14 1.065594804793940801e-11
1.836121239555168868e-14 1.089717451658367384e-11
1.881613284322660934e-14 1.114387483912142851e-11
1.929169416338971337e-14 1.139617569513954322e-11
1.978965407424900765e-14 1.165420679971513972e-11
2.031190838171368144e-14 1.191810097946214103e-11
2.086050424200524624e-14 1.218799425057598840e-11
2.143765497937283415e-14 1.246402589893376642e-11
2.205422968183149234e-14 1.274844944274987780e-11
2.271110155729890151e-14 1.303937006358655549e-11
2.340881233505694453e-14 1.333693629717803437e-11
2.414785834819667560e-14 1.364130007723468425e-11
2.492866966569256279e-14 1.395261681321325158e-11
2.575158790220862003e-14 1.427104546986367013e-11
2.661684265836244303e-14 1.459674864860077755e-11
2.752452657683601284e-14 1.492989267073539668e-11
2.847456903672162830e-14 1.527064766261295663e-11
2.946670855006080599e-14 1.561918764270028101e-11
3.050046397100370194e-14 1.597569061066658740e-11
3.157510467942909880e-14 1.634033863850324149e-11
3.268961995716963302e-14 1.671331796372948943e-11
3.384268783592878322e-14 1.709481908473224512e-11
3.503264376105754116e-14 1.748503685828866819e-11
3.625744948386218727e-14 1.788417059932084035e-11
3.751466266600253650e-14 1.829242418293356368e-11
3.880140775150869012e-14 1.871000614878975193e-11
4.010287446813505943e-14 1.912953032681829703e-11
4.145309400189938865e-14 1.955847322498581657e-11
4.285345559444193651e-14 1.999704645157854320e-11
4.430535428060596470e-14 2.044546636972587910e-11
4.581018739461507796e-14 2.090395420419709343e-11
4.736935076380102958e-14 2.137273615059568704e-11
4.898423457718300410e-14 2.185204348700302263e-11
5.065621891671908448e-14 2.234211268812717491e-11
5.238666893975476042e-14 2.284318554201230212e-11
5.417692970203812924e-14 2.335550926936754676e-11
5.602832061165480924e-14 2.387933664557236632e-11
5.794212950543323410e-14 2.441492612541831008e-11
5.991960634072830487e-14 2.496254197065152274e-11
6.198156418861803142e-14 2.552718887748361762e-11
6.411604277497634911e-14 2.610462616014573111e-11
6.632555387586774978e-14 2.669514378736698129e-11
6.861269191149650100e-14 2.729903830335431694e-11
7.098013638643232919e-14 2.791661297684815679e-11
7.343065438628273571e-14 2.854817795356010868e-11
7.596710313123954623e-14 2.919405041206010291e-11
7.859243258689850354e-14 2.985455472319406818e-11
8.130968813270937792e-14 3.053002261311167572e-11
8.412201328830236601e-14 3.122079332998653048e-11
8.709583544648402770e-14 3.194245295597079399e-11
9.017610119375431242e-14 3.268081959396662080e-11
9.336696315876472735e-14 3.343628046314722121e-11
9.667275729192791962e-14 3.420923176365730912e-11
1.000980118821454450e-13 3.500007888497360401e-11
1.036474570565290301e-13 3.580923661910042334e-11
1.073260347911134151e-13 3.663712937870792460e-11
1.111389094622485038e-13 3.748419142033414039e-11
1.149549284133111139e-13 3.832131330761589906e-11
1.189047107861544696e-13 3.917716218050520514e-11
1.229936621369849753e-13 4.005215764002843133e-11
1.272274480558363162e-13 4.094672870277943026e-11
1.316120082169249588e-13 4.186131401248733235e-11
1.361535712584851819e-13 4.279636205634410249e-11
1.408586705456897144e-13 4.375233138619904000e-11
1.457853716402806672e-13 4.474018142117515817e-11
1.508905173507251884e-13 4.575037677040789283e-11
1.561818087943881818e-13 4.678342398750613930e-11
1.616673484939039747e-13 4.783984113785658159e-11
1.673556637830419242e-13 4.892015806096751980e-11
1.732557317087525001e-13 5.002491663880695238e-11
1.786418608871318477e-13 5.102011331121083647e-11
1.842040105365296312e-13 5.203514843479670265e-11
1.899491479566057490e-13 5.307041860929102831e-11
1.958845734815094104e-13 5.412632839237769054e-11
2.020179382268934223e-13 5.520329046009898852e-11
2.083572628760441044e-13 5.630172577050110746e-11
2.153991961644783211e-13 5.750521366685233639e-11
2.226954257211680918e-13 5.873448384318514546e-11
2.302571569519674040e-13 5.999009067967424182e-11
2.380961881029844103e-13 6.127260053838797633e-11
2.462249452074874040e-13 6.258259202394720402e-11
2.538374047367750775e-13 6.379179115646680938e-11
2.617048889806638784e-13 6.502441033530445807e-11
2.698378057087535060e-13 6.628090525004705906e-11
2.782470680514526623e-13 6.756174051611438663e-11
2.869441218277465437e-13 6.886738985110808049e-11
2.972342017380593801e-13 7.038827923795203260e-11
3.079299324459027242e-13 7.194284544076968415e-11
3.190506965930006158e-13 7.353183839260313621e-11
3.306169681607023002e-13 7.515602486940003478e-11
3.416677912483413620e-13 7.668188318639343654e-11
3.531292203507333593e-13 7.823880973403859908e-11
3.650195573841145414e-13 7.982744135984730908e-11
3.773580549141112961e-13 8.144842810125559013e-11
3.891982612727527615e-13 8.297864890627801591e-11
4.014554758331229954e-13 8.453770915614953571e-11
4.141471000412965270e-13 8.612615669857529644e-11
4.272913718525911240e-13 8.774454991827183015e-11
4.442934818624581352e-13 8.979597817008816779e-11
4.620624522470785965e-13 9.189553406680003766e-11
4.805483027816515217e-13 9.404435723485011497e-11
4.971823062407242341e-13 9.609931358908748525e-11
5.143981987494004349e-13 9.819934149286403437e-11
5.364180345939344998e-13 1.003478302587108911e-10
5.687325481302625305e-13 1.026495111554199325e-10
6.117388109877913561e-13 1.050029860667101947e-10
6.664597375055293667e-13 1.074097596507880599e-10
7.342237452949207629e-13 1.098713944406571628e-10
8.166317330589949410e-13 1.123895132503242233e-10
9.155121016608356948e-13 1.149658016896657689e-10
1.032853275854345558e-12 1.176020107936189968e-10
1.170702567498471006e-12 1.202999597716155786e-10
1.331020060952480130e-12 1.230615388835408564e-10
1.515477229873975497e-12 1.258887124488368573e-10
1.725193077781196497e-12 1.287835219957507708e-10
1.960406657323749918e-12 1.317480895581228632e-10
2.220094668614278315e-12 1.347846211275152397e-10
2.501556842835777299e-12 1.378954102689608619e-10
2.800009517290251418e-12 1.410828419090345262e-10
3.108247422895425871e-12 1.443493963054882544e-10
3.416451761770453615e-12 1.476976532082131735e-10
3.712233908271633717e-12 1.511302962218394638e-10
3.993508488284855006e-12 1.545867522268610476e-10
4.277629874374461371e-12 1.581282844586109737e-10
4.564938988763666975e-12 1.617569266614952130e-10
4.856280895705259779e-12 1.654747563103551711e-10
5.153040269987583745e-12 1.692838952968082127e-10
5.457177207000236841e-12 1.731865106146513789e-10
5.771267797674124675e-12 1.771848150436826551e-10
6.098554575144425730e-12 1.812810678312287264e-10
6.443012695535939658e-12 1.854775753706646131e-10
6.809438652349962101e-12 1.897766918761373478e-10
7.203569578945878439e-12 1.941808200527162497e-10
7.632242937626518123e-12 1.986924117611066047e-10
8.103608846672228751e-12 2.033139686760774459e-10
8.618820537035247008e-12 2.080878578806168672e-10
9.166425102796324600e-12 2.129791540756825416e-10
9.749510420136381126e-12 2.179918699715974824e-10
1.037156150396796313e-11 2.231301929330337689e-10
1.103651304096030686e-11 2.283984930911659375e-10
1.174880992027532554e-11 2.338013318783369601e-10
1.251347718248318200e-11 2.393434710101903655e-10
1.333620107434168972e-11 2.450298819418452762e-10
1.422342321915565538e-11 2.508657558262703462e-10
1.518245030164477955e-11 2.568565140048665842e-10
1.624233980186676602e-11 2.631367250523339322e-10
1.738925767314329258e-11 2.695830185824665035e-10
1.863128861465175837e-11 2.762026929687416820e-10
1.997734715188369732e-11 2.830034435281962921e-10
2.143727033878068944e-11 2.899933843893941233e-10
2.302192161035635239e-11 2.971810717973137114e-10
2.474330721821454244e-11 3.045755289625796874e-10
2.661470687667448458e-11 3.121862725708377574e-10
2.858817303385030858e-11 3.197484819554741571e-10
3.074540856361747813e-11 3.275186074566407152e-10
3.309774464957450216e-11 3.355075679660977490e-10
3.565627031121426050e-11 3.437269414333740077e-10
3.843155172315278285e-11 3.521890045006239443e-10
4.143330096895683425e-11 3.609067751569437212e-10
4.466999167940954004e-11 3.698940586672758000e-10
4.821864360032616267e-11 3.792577780163650326e-10
5.208875770931983242e-11 3.889110767451395778e-10
5.629121025254395455e-11 3.988689255962862838e-10
6.083344778154024142e-11 4.091471845329569214e-10
6.571843584872311147e-11 4.197626590105580525e-10
7.094350330171349723e-11 4.307331605181109198e-10
7.586251000092024977e-11 4.407168312809944857e-10
8.111209185724035938e-11 4.509982453208581718e-10
8.669913095107141791e-11 4.615895685484950003e-10
9.262784621416602213e-11 4.725035426626234852e-10
9.889924997100744461e-11 4.837535156074892515e-10
1.055105705659795534e-10 4.953534738459634372e-10
1.130069954335913491e-10 5.082158992099679288e-10
1.209508530375742927e-10 5.215228653577694883e-10
1.293543004661828360e-10 5.352887701490293260e-10
1.382277421796851091e-10 5.495284505496940726e-10
1.475795023192108136e-10 5.642571908001157460e-10
1.564613644066624691e-10 5.780252336961654408e-10
1.657605298621543450e-10 5.922384743205259729e-10
1.754918149439280634e-10 6.069098725247094635e-10
1.856705890498320882e-10 6.220527188948516044e-10
1.963128193006739979e-10 6.376806370978798049e-10
2.090309996528547695e-10 6.561430194875499077e-10
2.223756917111270556e-10 6.753101319510611684e-10
2.363801639414573066e-10 6.951999907626438727e-10
2.510813042880252752e-10 7.158305977419154041e-10
2.652328872122918627e-10 7.354988155063652173e-10
2.799943985811677407e-10 7.558659171022402328e-10
2.953975130350555408e-10 7.769492375969071609e-10
3.114772954188982620e-10 7.987661541615403227e-10
3.269783633634896405e-10 8.196525997820952520e-10
3.430760687412325640e-10 8.412340746697909013e-10
3.598018897969251755e-10 8.635266447979692631e-10
3.771906151893201013e-10 8.865463877860902277e-10
3.997125569801142207e-10 9.161876660496302180e-10
4.233005222134769684e-10 9.470672347786511267e-10
4.480292489539756988e-10 9.792156096875589336e-10
4.722301897663276296e-10 1.010493193752964798e-09
4.974904769862366871e-10 1.042996715944084977e-09
5.238750338542051978e-10 1.076759049508611722e-09
5.497151367521324021e-10 1.109674053636038649e-09
5.766056119136881621e-10 1.143807586778244858e-09
6.046098070313516882e-10 1.179191477606585897e-09
6.320653051763055266e-10 1.213749130607625912e-09
6.605680342658770606e-10 1.249519171370236955e-09
6.901744870560893775e-10 1.286527664338809041e-09
7.192263240547741731e-10 1.322717886190874088e-09
7.493212006901683012e-10 1.360109721866781583e-09
7.805099924990989356e-10 1.398738068990632812e-09
8.111375047019460463e-10 1.436581986755158837e-09
8.428029457542714794e-10 1.475628744231535453e-09
8.755572419310226718e-10 1.515881772991343141e-09
9.077530947473776218e-10 1.555310018871987411e-09
9.409866696509191602e-10 1.595908093906138029e-09
9.753014649945577144e-10 1.637737220981002701e-09
1.009052554292470290e-09 1.678829888159909232e-09
1.043837100154208688e-09 1.721124637230255138e-09
1.079698350617697118e-09 1.764614590463566020e-09
1.133032608965289915e-09 1.829085679829853215e-09
1.188733128443110816e-09 1.896218474292399329e-09
1.244374716405712314e-09 1.963122026172030932e-09
1.302376257756129994e-09 2.032696576040812791e-09
1.360322228046255145e-09 2.102050730564762464e-09
1.420627738556761269e-09 2.174048895708819022e-09
1.480895528423362802e-09 2.245772548631865784e-09
1.543502341202351457e-09 2.320127729723106615e-09
1.605990283484922219e-09 2.394282740144766050e-09
1.670822821404852921e-09 2.471080781656921216e-09
1.735672802224683571e-09 2.547685403757080088e-09
1.802869815953674212e-09 2.626908051510406341e-09
1.869948021008915925e-09 2.705889834250380638e-09
1.939347917702072165e-09 2.787461835710087628e-09
2.008715222588168597e-09 2.868801957394579907e-09
2.080404830223453103e-09 2.952742134256081712e-09
2.151990207627322611e-09 3.036521410990426826e-09
2.225892849944440482e-09 3.122896650721647884e-09
2.299758557338460480e-09 3.209052297345091142e-09
2.375959680438358528e-09 3.297777681533480530e-09
2.452115486708932041e-09 3.386299766238953880e-09
2.530605321705193592e-09 3.477385226691506857e-09
2.609059946060396894e-09 3.568273559240248526e-09
2.689829773745067683e-09 3.661719286195905952e-09
2.770510853029656157e-09 3.754964866736101235e-09
2.853485332984495689e-09 3.850779860046542155e-09
2.936374264430701359e-09 3.946472696978489086e-09
3.021571999423557018e-09 4.044714651816716119e-09
3.106749934511621884e-09 4.142701541636299332e-09
3.194237476635596990e-09 4.243228254359896436e-09
3.281641659584536340e-09 4.343652561160150399e-09
3.371334061047201217e-09 4.446616074822615755e-09
3.460945914244492754e-09 4.549342936586817247e-09
3.552861752658459860e-09 4.654582706058294279e-09
3.644753754183515381e-09 4.759656471871937306e-09
3.738968255042692596e-09 4.867275851640254579e-09
3.833167750134201799e-09 4.974805334117483600e-09
3.929653568199829530e-09 5.084843215141820882e-09
4.025997642660794551e-09 5.194593232446438013e-09
4.124622284983332637e-09 5.306841685842973360e-09
4.223245679230799846e-09 5.419010310999946610e-09
4.324169812539646055e-09 5.533714374463644159e-09
4.528148447295692058e-09 5.765313577430678626e-09
4.736705892824684859e-09 6.001491591170673125e-09
4.949546741979947879e-09 6.242396119256860065e-09
5.166966401908073323e-09 6.488027161689333744e-09
5.388817169036000008e-09 6.738237014894844383e-09
5.615246746936752722e-09 6.993173382446482943e-09
5.845959728463845966e-09 7.252688560771107177e-09
